42 87
43 1 54 21 64 92 74 69 2 83 34 66 97 40 53 40 57 69 97 36 39 65 82 26 54 63 77 90 98 15 36 69 10 89 31 34 51 88 42 22 34 16 52 18 35 56 60 55 19 54 95 49 40 9 43 26 47 48 47 57 94 100 77 57 1 91 32 99 48 75 26 68 67 1 81 4 70 7 76 63 67 13 82 4 21 97 49
62 18 71 39 15 48 58 26 72 81 87 72 59 58 17 56 24 15 71 86 1 62 18 58 52 43 79 82 36 67 80 58 66 72 9 42 12 25 28 11 45 26 17 74 84 74 66 38 99 28 44 12 16 52 21 58 20 26 40 15 80 11 68 96 52 17 18 78 29 81 34 40 50 70 78 39 24 61 55 63 82 52 72 18 83 51 90
6 9 62 75 97 57 76 90 47 79 4 75 35 51 80 95 7 97 60 7 9 40 36 54 9 47 78 12 42 56 85 2 79 13 68 20 45 1 1 19 93 65 24 1 75 75 36 28 59 58 21 55 31 31 44 3 30 82 48 78 80 39 32 21 96 12 17 21 30 61 17 9 30 43 94 55 48 65 91 81 72 56 32 88 78 41 20
59 15 82 31 81 11 13 79 9 79 58 77 94 33 76 2 85 17 11 63 52 72 12 74 22 92 71 50 84 49 70 40 97 9 73 77 77 32 38 48 43 96 68 16 91 91 22 55 19 15 29 21 58 97 60 42 87 46 12 6 80 85 69 51 68 24 10 89 74 67 35 33 18 54 36 41 1 96 49 86 90 12 87 54 62 67 77
34 46 83 29 83 72 69 73 55 97 23 13 57 90 76 21 21 62 58 46 1 70 29 49 11 14 38 35 67 9 56 37 78 81 29 7 78 76 8 3 10 72 99 13 69 91 39 62 76 41 67 78 99 47 5 66 16 39 63 4 6 24 14 78 54 15 65 58 74 35 44 1 71 19 9 56 45 31 58 1 38 15 100 3 47 20 83
6 13 32 57 51 22 18 60 27 48 65 35 83 32 90 71 20 31 50 24 65 14 35 40 69 73 97 72 25 23 44 85 26 31 5 62 87 74 9 9 41 60 21 92 52 44 22 18 12 18 54 37 57 19 28 72 44 66 30 66 28 3 69 71 84 87 63 77 57 9 50 75 25 66 46 5 6 43 15 58 80 5 38 12 48 18 63
74 12 72 8 25 44 87 75 52 15 64 33 11 63 11 1 97 11 99 55 72 16 67 33 4 39 5 70 92 39 67 31 78 75 28 3 31 50 70 5 45 14 6 44 78 43 48 77 74 59 27 94 10 9 61 16 55 8 93 48 83 73 86 99 84 88 56 29 72 14 93 21 80 16 94 79 44 31 77 65 44 78 55 21 11 13 98
71 24 37 66 0 27 52 6 4 41 75 42 30 62 65 36 3 93 88 46 86 16 63 100 8 80 36 45 40 20 25 14 99 80 94 88 75 93 35 69 49 89 48 28 81 88 84 49 61 31 17 94 80 82 88 87 45 80 89 9 74 99 28 42 15 31 57 69 58 73 21 85 21 86 37 73 74 49 88 81 43 22 91 85 98 90 56
59 67 33 75 27 15 72 43 33 29 26 43 31 1 59 45 82 72 20 43 30 54 28 46 56 1 73 9 19 9 91 56 86 99 26 55 29 25 45 13 17 47 10 94 38 58 90 11 92 2 32 82 58 65 65 78 43 69 41 51 13 17 27 52 34 86 74 92 21 14 8 88 44 95 72 61 27 100 81 23 93 67 96 74 24 13 53
90 77 65 90 70 78 42 93 77 1 9 31 16 52 58 96 67 95 77 18 42 96 16 18 62 68 99 45 2 62 41 95 24 78 25 71 92 90 39 47 15 6 30 7 78 49 49 1 6 4 41 95 65 4 31 99 78 55 16 75 21 89 66 65 27 71 96 54 43 9 89 63 81 99 55 48 81 30 48 43 94 64 42 8 33 90 36
78 65 66 48 42 70 78 46 24 37 74 35 60 54 89 10 71 5 63 32 68 9 31 42 17 91 27 13 28 97 68 97 10 71 42 46 50 80 95 15 62 69 83 22 1 54 97 33 98 19 7 78 85 87 84 93 45 50 67 66 9 13 37 6 62 27 11 32 27 84 92 24 13 49 30 72 58 20 16 21 90 1 71 74 42 33 91
87 60 73 69 0 5 28 67 70 9 19 38 14 15 85 87 25 26 62 72 73 74 41 46 7 86 56 64 64 79 55 85 33 87 42 75 15 62 30 6 28 40 92 51 49 92 79 57 43 54 93 81 43 29 93 48 6 17 36 12 22 41 52 43 66 21 92 72 24 81 28 20 88 58 60 52 94 68 15 76 90 32 48 68 59 55 32
56 57 11 17 96 47 21 23 12 36 39 58 62 6 16 31 95 41 3 21 12 37 23 71 97 60 86 19 44 17 13 73 86 68 1 15 43 44 57 19 22 78 61 48 0 63 66 47 87 78 50 100 24 40 7 66 74 39 37 53 63 18 97 60 13 11 78 56 62 22 20 16 10 83 54 61 36 79 19 20 90 22 7 94 93 27 61
22 72 18 81 59 85 56 85 83 52 68 95 35 54 55 47 31 44 96 54 97 88 10 67 33 19 99 6 53 47 9 57 82 99 69 60 87 1 3 55 23 0 2 52 35 43 57 61 99 28 29 75 33 64 94 62 92 18 49 1 62 68 84 37 19 78 88 64 18 96 99 37 62 32 75 15 3 33 65 78 15 50 52 99 42 74 43
88 14 90 97 69 10 83 69 1 30 69 26 92 13 31 9 41 66 57 72 70 31 58 52 48 67 100 65 86 57 86 3 73 11 61 27 51 44 57 55 98 53 0 18 56 86 94 21 91 40 78 90 46 88 17 37 67 66 78 28 52 66 28 61 86 68 53 61 96 82 16 43 56 53 81 52 47 56 21 81 39 97 77 43 56 22 55
25 8 0 13 35 7 11 86 87 86 44 9 53 68 40 15 76 93 100 12 41 69 41 5 95 17 0 98 32 22 80 84 60 93 22 38 61 31 99 72 80 52 73 83 42 13 72 13 44 35 50 91 5 36 24 39 52 39 47 30 56 47 21 92 55 98 65 73 11 90 54 3 22 55 35 38 90 91 98 25 40 89 65 21 48 98 77
74 94 50 70 50 15 0 82 20 20 16 5 32 22 72 87 52 42 79 66 100 70 25 26 41 67 86 64 44 44 5 7 3 60 58 67 44 65 43 45 55 1 48 21 40 87 76 86 55 11 30 33 51 47 4 57 97 33 54 68 43 49 85 9 17 63 76 23 67 44 71 14 61 29 15 26 50 23 9 3 83 84 33 29 97 81 12
62 4 27 89 51 52 63 70 4 25 48 35 58 65 92 61 10 14 88 86 73 15 15 94 78 83 84 62 60 32 9 53 64 97 42 96 96 15 93 31 36 48 86 36 6 44 88 98 93 18 67 52 52 98 75 62 32 87 13 85 4 25 89 61 25 75 27 62 66 3 74 55 81 51 52 19 88 90 20 61 22 33 16 16 93 100 17
75 29 43 18 69 14 2 58 28 10 42 42 32 27 22 93 94 98 35 62 27 61 95 40 35 70 26 47 39 84 10 98 6 15 43 14 86 46 93 44 9 67 95 75 77 11 1 69 84 10 36 11 80 30 39 16 17 94 27 20 18 79 17 15 24 53 60 19 62 17 94 58 1 35 52 91 65 52 66 53 97 52 68 99 8 95 13
74 30 28 46 57 12 8 39 15 50 76 2 34 73 52 31 93 27 78 31 30 76 60 98 39 83 61 89 37 65 62 38 72 19 86 24 30 76 82 35 6 2 61 25 53 77 82 87 51 94 71 63 20 45 55 61 6 76 36 28 12 96 84 48 84 63 76 24 22 69 44 1 55 67 75 76 54 43 57 72 45 73 71 57 67 28 65
91 36 29 87 32 4 48 73 24 44 21 65 21 37 89 38 54 68 26 8 82 57 47 40 83 17 100 12 22 40 70 79 2 96 22 19 47 28 76 55 5 35 62 59 9 10 50 83 91 49 36 39 53 24 83 68 67 13 66 75 56 64 94 97 8 50 97 100 83 11 77 72 9 78 50 14 53 16 79 95 26 24 79 49 17 27 97
28 57 5 83 40 52 52 37 82 78 21 63 2 15 80 68 37 99 18 94 66 98 23 14 29 58 63 20 89 7 66 61 90 2 30 8 54 17 85 10 63 76 3 62 10 85 42 3 21 5 51 12 71 79 99 80 47 59 50 77 17 19 47 85 55 58 34 65 58 1 31 28 70 17 5 41 87 78 72 91 74 19 69 91 48 73 75
67 86 14 19 69 45 37 49 19 46 98 16 55 7 80 27 89 55 87 7 69 100 96 99 51 24 86 1 34 84 18 45 24 8 62 100 14 68 36 1 85 4 26 1 73 8 41 29 30 79 26 35 92 58 17 64 27 50 1 25 29 97 68 47 100 3 24 27 40 76 99 20 84 32 60 79 78 31 68 34 61 13 98 48 64 75 31
66 96 32 97 92 74 6 65 65 20 62 43 46 19 1 42 52 10 8 21 59 43 3 69 80 75 10 83 46 57 97 13 32 23 24 52 65 45 11 78 1 11 38 9 21 89 37 3 75 85 64 58 61 47 77 96 97 11 7 83 49 86 7 82 59 78 60 72 66 6 52 10 12 46 9 38 66 75 65 38 94 1 47 6 50 60 86
20 1 38 59 29 44 8 55 11 19 17 60 62 68 12 79 26 76 22 79 79 99 40 82 93 57 82 55 6 82 4 10 41 81 43 19 22 66 26 100 1 48 85 39 2 27 16 17 63 95 12 93 62 17 51 60 80 62 63 18 65 67 4 8 12 55 54 8 95 64 22 11 79 61 79 98 98 49 56 68 99 4 61 85 67 37 93
97 26 15 4 97 2 79 86 13 95 18 65 76 59 11 12 50 1 81 73 69 33 66 76 56 28 22 29 88 79 20 77 45 53 23 74 41 12 67 88 93 74 13 78 73 54 14 71 15 9 75 8 57 11 95 12 86 91 44 95 8 8 15 73 43 44 5 36 48 20 91 80 46 34 71 84 71 3 44 40 0 1 92 72 18 82 90
44 80 1 81 16 77 84 46 22 49 32 14 16 43 34 6 89 49 30 56 35 51 27 89 3 62 25 70 27 35 9 31 44 64 6 41 91 58 80 29 66 6 27 23 44 85 34 40 68 3 32 40 2 13 8 24 23 100 51 47 16 29 57 4 30 60 73 42 51 97 41 46 47 66 22 57 21 41 45 78 20 6 6 93 38 75 45
18 3 89 53 19 70 36 39 55 14 6 41 41 100 87 91 46 43 34 31 96 82 70 34 26 89 31 61 43 32 25 76 13 45 69 31 61 80 72 74 63 59 71 40 63 4 39 58 41 88 86 79 31 99 33 5 39 50 95 45 86 2 53 80 97 15 67 41 92 68 33 37 17 62 0 41 15 83 26 51 89 29 92 53 83 38 77
53 77 57 81 19 93 42 15 42 12 0 5 70 48 45 33 14 44 88 73 91 52 49 5 29 73 74 0 49 24 87 46 19 95 20 16 95 22 40 88 27 25 3 34 94 51 47 60 50 46 23 61 56 6 72 78 29 19 48 5 8 36 90 24 50 66 49 43 94 40 79 51 33 53 47 100 1 8 96 1 92 17 88 68 11 21 91
61 66 43 31 81 53 6 86 35 57 99 49 10 6 35 58 31 21 41 53 38 85 13 4 22 36 85 91 92 96 55 24 6 50 77 23 43 47 59 99 96 61 83 60 63 0 74 37 81 83 21 4 8 83 70 12 9 48 34 88 50 73 19 39 43 7 20 20 100 39 65 13 90 87 58 77 14 61 61 2 80 89 77 2 3 61 68
69 33 88 100 69 90 58 76 88 47 75 5 95 6 28 63 40 49 67 56 15 78 58 55 86 46 69 72 56 10 93 39 85 74 5 47 43 70 91 64 16 33 67 17 43 43 9 36 0 4 45 20 3 93 45 70 86 86 84 63 94 28 86 7 90 46 72 1 80 81 58 64 60 49 3 50 11 10 96 37 67 77 22 74 96 6 97
31 54 41 6 81 4 59 29 25 36 24 93 98 64 35 49 73 60 64 64 9 81 25 96 44 54 46 70 95 77 44 92 67 36 42 15 100 28 25 69 37 33 79 76 14 16 39 70 96 90 97 51 29 76 82 91 43 60 6 51 64 41 92 71 24 82 33 1 12 68 11 98 61 67 63 32 29 70 69 45 95 56 14 94 70 57 60
52 6 45 32 2 23 50 68 3 44 27 61 94 1 16 19 61 23 6 22 24 70 16 69 82 90 9 93 32 32 62 65 65 40 0 5 18 66 37 66 13 17 46 56 15 98 65 87 86 97 6 16 18 60 46 47 13 19 17 47 44 27 16 98 94 28 65 60 92 10 96 81 59 57 0 41 22 76 77 53 29 85 51 27 36 4 72
51 48 13 18 44 98 22 46 98 79 53 48 17 84 3 35 43 91 71 52 2 65 77 14 41 95 24 45 7 76 95 89 47 81 17 28 51 81 57 60 50 37 23 68 54 48 59 21 63 13 92 54 5 63 5 60 88 41 38 3 28 39 30 20 23 60 10 48 56 84 89 41 64 8 70 81 98 1 70 95 9 88 6 72 72 66 93
88 40 22 21 11 52 5 36 55 50 70 77 93 18 66 49 55 19 64 31 83 16 12 62 24 38 79 68 3 22 75 45 19 61 45 14 61 77 71 13 0 74 7 33 26 80 85 4 18 43 29 96 0 74 82 45 61 37 37 32 33 2 69 4 82 83 76 52 24 69 31 8 58 5 4 74 1 63 77 39 32 89 50 89 42 84 41
4 37 22 51 54 58 31 51 44 59 34 64 60 10 80 51 59 16 3 54 61 69 96 4 6 66 70 12 38 14 95 49 0 92 19 88 78 50 73 33 22 84 84 46 65 38 56 39 93 100 43 25 71 58 6 95 20 76 88 10 67 67 67 68 62 42 68 60 92 63 22 48 76 29 25 99 90 50 54 22 5 98 64 34 31 19 89
0 82 1 83 87 51 99 11 90 5 93 66 16 45 78 22 83 15 36 17 75 43 71 69 96 91 49 97 99 9 96 40 38 69 7 46 67 1 83 82 18 84 23 86 100 80 62 20 89 54 69 16 62 38 100 61 93 54 1 46 4 90 52 68 91 22 62 11 73 6 57 58 48 78 21 23 41 92 87 17 91 45 67 78 43 25 59
3 20 86 12 62 67 66 6 9 13 85 24 61 20 80 74 96 13 56 63 47 59 62 92 81 73 63 95 30 28 9 67 32 43 18 21 63 10 13 37 20 92 96 78 42 79 42 77 39 98 68 75 69 24 73 10 98 77 62 82 75 57 78 18 0 84 90 58 4 97 92 91 33 21 51 50 56 33 11 2 91 12 38 65 14 88 51
56 9 81 2 24 92 17 11 38 42 75 35 81 98 55 67 28 58 7 49 2 19 75 91 55 31 90 85 19 34 79 38 72 34 17 57 95 70 81 47 52 15 34 76 36 50 96 37 22 100 25 22 84 34 49 82 51 34 2 71 71 18 88 65 68 57 32 19 33 47 3 84 26 45 98 95 63 37 2 47 50 11 65 10 30 52 67
57 83 86 48 68 11 68 75 83 89 49 90 84 95 86 91 86 52 34 26 6 11 26 89 40 45 39 97 83 30 68 71 25 8 76 97 90 76 14 37 97 68 100 56 43 63 68 74 31 41 26 31 70 16 29 80 9 66 5 44 62 92 18 86 54 81 44 24 14 63 43 26 56 98 93 74 7 66 42 89 49 39 1 1 38 27 9
2 63 63 38 22 8 4 99 23 34 87 73 62 74 47 14 78 96 49 65 88 5 3 19 32 52 76 19 27 78 63 27 74 100 77 65 51 13 79 95 7 75 79 55 67 13 45 88 70 80 35 93 6 92 19 1 47 75 77 61 14 96 75 57 81 6 83 16 59 63 89 59 17 82 31 55 2 45 47 72 23 47 71 14 39 55 27
49 74 61 87 42 42 51 11 74 45 50 82 40 21 36 43 14 13 47 57 39 87 60 4 15 64 39 42 33 33 94 38 13 13 6 8 92 48 94 42 25 35 46 53 78 22 46 44 43 19 93 96 18 92 0 81 8 70 28 5 57 84 28 87 6 99 55 51 36 8 41 53 44 20 63 25 97 99 27 18 69 3 91 16 78 67 66
