94 18
54 54 82 15 27 20 70 78 42 24 71 33 15 62 71 79 89 37
56 6 46 55 29 82 9 48 20 8 52 1 67 40 54 93 67 58
40 22 38 46 11 17 30 36 57 73 93 64 80 66 28 59 15 48
44 25 76 43 36 55 74 4 45 81 11 10 28 56 74 55 87 61
87 15 73 98 78 94 96 21 95 54 17 15 37 75 87 27 35 51
29 83 99 91 70 9 92 51 43 95 29 82 56 20 14 8 27 90
85 48 9 50 46 22 63 14 9 8 81 87 45 73 33 93 88 69
89 76 14 44 58 95 89 71 82 61 24 24 77 54 86 6 23 5
90 56 51 34 66 87 8 21 35 55 76 0 7 89 71 100 18 82
47 97 71 54 59 33 63 7 72 60 97 43 59 94 25 61 44 40
84 6 62 57 18 25 15 53 28 41 76 2 78 0 88 75 55 35
1 41 88 36 33 53 27 30 90 86 99 91 19 58 98 95 65 89
12 100 44 58 53 16 46 14 83 52 98 44 36 78 95 8 28 75
45 96 1 26 24 49 7 72 86 93 90 77 67 31 41 11 72 11
59 36 46 89 20 0 89 86 29 26 24 85 85 55 57 13 97 94
25 38 60 73 75 78 44 79 79 49 42 51 20 17 87 89 78 9
42 38 33 18 18 60 92 83 88 15 27 53 63 59 39 14 79 20
9 88 36 12 100 13 36 83 88 16 48 72 81 44 22 91 42 92
53 77 9 98 2 48 14 95 45 80 57 32 2 64 70 5 25 56
76 17 38 7 76 46 60 25 6 80 94 24 5 12 19 2 20 29
35 12 26 19 84 31 3 81 39 5 53 98 99 12 46 18 70 65
39 54 26 4 1 45 37 25 33 58 33 89 92 50 1 69 89 60
12 64 33 0 29 55 25 62 59 66 94 40 0 65 89 83 49 75
11 25 40 28 53 77 6 23 38 42 41 51 42 68 33 64 12 97
34 17 81 48 56 56 79 51 68 37 26 37 49 86 24 65 1 12
55 63 75 57 97 12 38 70 89 19 30 86 78 100 67 28 68 66
46 76 93 55 13 57 65 36 28 60 55 52 41 30 55 42 73 69
68 14 45 65 76 41 23 40 69 0 2 47 27 24 6 19 42 84
60 6 11 34 47 58 40 1 60 12 36 75 96 49 15 43 74 69
72 94 77 79 17 61 78 94 7 96 69 100 7 19 7 43 78 86
97 30 61 61 98 0 90 95 4 12 52 90 14 88 64 43 43 35
64 82 54 45 78 85 32 15 36 1 8 76 33 56 3 7 95 59
57 15 26 31 0 2 1 0 11 37 81 1 69 82 72 98 95 47
52 99 43 33 49 100 84 58 13 11 6 6 27 91 41 92 91 70
59 20 39 95 49 17 65 23 6 75 59 86 72 26 60 31 54 71
16 99 43 55 95 9 67 95 61 41 18 55 81 1 74 2 55 27
52 77 57 28 85 87 70 84 37 66 86 32 48 12 86 85 44 25
64 90 8 84 55 48 43 76 96 48 49 5 58 10 65 35 45 64
79 0 39 1 53 21 16 2 72 89 6 87 84 66 45 89 91 91
71 100 57 41 75 52 77 37 65 78 29 19 47 90 32 70 100 92
98 99 47 68 54 74 22 79 1 100 14 46 99 100 74 0 9 14
0 26 74 63 90 20 37 7 76 68 82 87 39 49 10 76 69 51
15 17 63 10 77 59 39 53 99 84 86 62 96 2 18 93 35 90
53 50 79 100 90 93 77 81 39 90 60 47 5 17 100 79 6 55
62 17 34 16 16 68 74 69 99 63 48 54 92 17 28 31 45 13
90 82 51 64 57 47 45 17 46 77 3 37 75 10 34 32 23 45
45 16 42 5 16 39 29 58 9 100 69 25 10 77 22 76 19 25
77 70 31 2 96 3 85 76 21 42 73 34 59 50 16 73 44 29
43 49 18 31 7 40 27 36 62 96 82 17 56 82 76 84 88 73
59 35 29 29 16 54 5 90 23 92 89 74 31 57 32 75 7 62
79 71 63 40 50 0 81 21 31 94 63 47 19 69 4 80 42 82
25 13 77 37 42 59 10 61 55 51 20 52 21 82 23 76 21 43
27 69 87 65 34 13 91 19 98 67 59 0 52 51 83 9 54 74
65 55 13 21 97 39 40 61 67 81 17 24 70 73 14 94 36 86
74 38 33 35 16 60 9 51 28 55 23 28 85 94 66 4 55 46
60 8 1 20 78 84 29 86 54 24 85 85 80 83 33 21 60 64
76 34 75 20 62 8 27 45 9 59 65 5 66 90 95 68 54 25
45 51 48 36 43 13 22 36 6 10 2 47 39 25 44 5 99 80
72 100 29 57 28 45 59 35 88 28 55 7 69 72 46 44 68 22
33 72 36 1 55 69 68 19 88 1 15 48 78 98 33 0 85 72
88 86 82 91 72 50 100 94 61 53 12 74 78 60 27 65 71 33
39 90 52 12 68 38 77 76 2 11 49 88 67 21 90 62 81 41
9 93 8 39 4 73 94 98 22 61 2 61 58 53 76 77 38 51
3 7 31 24 73 77 85 73 79 50 2 13 22 93 82 65 90 49
54 33 67 51 52 12 66 34 82 42 38 8 93 11 61 59 20 41
9 75 30 16 1 74 67 86 52 47 84 98 77 59 24 95 48 54
30 42 4 51 8 19 77 78 99 37 50 78 10 32 51 81 50 41
88 78 48 99 30 5 36 60 73 53 25 9 1 28 92 28 85 91
17 9 61 53 4 51 78 76 87 0 89 51 79 23 12 100 68 30
44 78 49 38 85 70 16 52 49 71 82 64 12 41 62 64 54 10
47 45 87 63 48 8 19 24 38 40 58 94 34 95 84 93 83 74
81 16 42 94 92 32 81 92 90 37 21 64 89 57 39 30 21 4
35 61 28 59 70 61 37 29 14 25 11 80 80 95 28 42 18 65
31 28 21 80 28 78 58 4 42 93 19 3 54 88 25 98 14 65
20 0 72 47 92 58 86 68 24 90 37 31 52 59 47 16 89 93
19 77 2 43 71 79 2 62 43 50 33 18 10 48 57 20 0 35
2 11 84 100 62 47 71 9 35 80 55 46 17 82 91 11 60 55
81 57 22 52 11 53 39 3 50 21 50 81 64 73 19 72 1 12
33 21 81 85 22 35 91 0 47 1 100 54 21 33 74 19 12 19
53 53 62 16 37 78 35 3 71 5 79 80 41 75 53 78 40 48
47 14 75 67 57 6 7 2 15 11 79 14 76 3 64 76 36 99
45 98 59 28 2 87 24 94 16 91 58 17 3 30 90 39 66 11
74 72 78 66 12 44 21 20 33 86 84 7 49 77 94 59 75 51
52 55 48 2 74 60 59 50 65 85 2 80 82 4 41 35 61 31
75 58 36 62 62 67 86 87 1 63 38 14 82 76 64 12 21 26
95 13 31 30 13 66 65 11 77 81 57 31 11 8 2 61 31 97
66 38 30 63 53 25 44 59 30 98 92 85 18 91 4 12 64 88
39 5 78 58 45 52 46 78 4 60 88 91 85 2 44 8 21 73
66 99 32 71 79 65 53 80 52 39 97 6 44 74 34 44 87 32
75 45 94 39 6 26 64 100 44 68 22 89 97 91 96 52 7 62
75 23 1 28 36 44 92 80 89 18 48 3 33 75 64 38 46 38
34 15 74 28 52 42 36 37 43 1 48 45 50 87 67 78 72 95
17 80 51 11 91 43 55 9 63 21 86 29 51 18 65 91 3 81
77 52 27 54 30 10 69 59 27 72 8 38 57 24 12 1 21 63
