11 21
71 31 96 35 91 7 5 91 10 22 76 47 95 5 25 15 3 83 52 88 98
78 3 41 99 3 35 54 98 36 7 16 81 48 88 28 13 59 81 27 37 52
40 80 45 98 51 12 68 42 49 97 67 35 77 56 72 26 50 32 27 90 37
12 63 42 20 49 85 29 11 80 9 37 83 63 46 27 41 74 83 47 55 11
89 1 34 40 10 61 52 23 73 20 39 78 42 100 18 99 24 36 76 91 18
53 93 68 29 11 51 18 96 33 65 20 55 78 67 13 23 77 71 55 97 99
4 62 88 16 77 68 27 31 57 7 2 75 4 47 6 85 46 26 69 93 75
100 82 38 70 41 86 48 40 17 72 83 67 49 65 27 34 8 21 0 64 55
2 31 77 62 78 87 21 41 84 7 4 61 96 38 71 33 85 72 91 33 65
78 92 83 72 87 46 8 27 70 6 15 27 50 35 88 78 1 6 40 60 83
28 21 30 63 78 97 28 46 63 82 16 0 83 97 86 73 19 59 58 88 25
