75 62
41 40 20 18 16 74 38 2 24 41 24 89 84 25 66 93 11 79 28 75 16 22 69 18 96 39 77 3 34 51 43 54 61 25 14 31 21 77 66 79 77 11 49 48 24 42 82 99 17 35 6 83 76 44 51 46 50 21 27 56 20 29
25 14 95 49 64 79 46 27 56 0 7 69 56 73 20 22 41 38 71 87 68 99 60 72 10 39 19 63 47 84 73 65 21 36 50 50 58 70 32 91 38 98 53 36 83 82 11 22 92 47 43 53 32 92 12 6 21 19 46 43 29 54
99 38 86 75 27 71 99 66 75 85 9 77 4 83 82 83 20 72 29 68 53 54 72 82 85 39 56 87 39 28 93 87 53 63 72 0 71 44 16 36 54 53 79 77 53 53 66 46 45 1 85 37 18 39 14 85 7 37 72 0 29 38
45 60 43 90 65 6 65 69 10 43 78 3 57 30 80 58 78 94 55 38 59 14 28 47 2 35 14 71 0 90 27 28 91 11 4 1 38 6 10 44 50 51 0 48 6 49 77 28 91 26 8 16 47 42 51 69 54 28 97 33 89 55
11 21 41 10 80 45 96 72 16 95 3 52 41 67 56 15 43 72 97 15 38 98 46 58 51 41 13 96 7 53 95 77 22 56 80 41 78 35 57 68 52 3 87 27 93 90 94 54 2 41 28 79 3 39 34 71 34 13 96 47 45 63
59 50 84 60 62 45 43 75 48 41 70 25 15 97 29 20 0 82 32 99 80 13 8 31 56 37 45 43 55 60 56 39 28 3 0 11 47 66 99 52 43 91 83 42 97 53 80 87 18 63 57 79 82 83 79 48 62 94 34 19 49 32
95 30 40 74 73 52 87 74 25 100 5 3 54 78 32 49 18 73 80 62 69 8 22 32 73 48 87 84 36 68 63 68 35 51 22 24 75 11 39 20 51 21 85 6 77 72 75 37 96 31 19 2 11 10 82 71 24 55 36 12 32 8
79 29 42 54 56 0 65 38 20 80 75 91 23 79 16 24 16 74 89 52 55 69 63 68 88 5 43 13 25 96 29 29 47 95 62 15 32 70 81 7 40 4 21 68 35 2 42 7 36 7 34 15 51 95 15 40 1 17 64 4 54 38
92 38 3 51 91 78 19 13 2 36 31 23 56 49 29 61 100 98 31 81 76 2 82 28 58 41 48 87 97 69 44 53 49 5 5 17 45 44 3 45 99 41 70 37 86 31 56 4 2 81 15 66 29 85 33 7 80 24 33 56 42 4
63 12 43 70 43 70 3 90 29 46 19 29 42 100 60 92 82 80 6 3 9 11 69 67 2 37 65 68 31 37 4 62 80 10 36 63 88 48 49 47 96 40 90 42 24 38 76 3 97 46 3 24 47 51 44 27 49 57 93 10 50 19
10 21 86 64 35 51 39 21 30 37 58 33 96 76 0 28 93 50 50 33 78 69 33 86 49 64 56 74 85 3 62 32 73 23 85 35 25 95 51 94 67 30 79 8 44 67 50 90 15 47 80 11 90 100 68 27 93 59 45 99 28 63
26 70 44 35 3 65 27 74 32 83 88 56 64 54 27 14 7 82 62 41 62 4 43 93 92 79 32 90 32 45 45 3 37 43 12 74 22 10 84 74 31 65 54 36 83 0 74 38 69 85 39 85 72 47 83 61 3 1 99 18 59 67
46 68 22 64 26 51 78 89 3 20 73 95 8 80 56 29 18 42 57 65 69 96 49 4 6 35 17 33 66 88 14 0 95 29 11 20 73 50 59 55 37 70 87 0 99 49 19 57 3 64 1 37 0 24 77 23 58 52 15 23 52 7
84 43 51 30 57 68 59 60 9 13 98 37 92 65 12 59 59 74 80 46 69 86 2 90 82 77 42 45 78 46 64 67 57 19 76 45 36 79 76 19 98 42 8 47 81 73 99 41 82 45 41 65 41 8 56 64 27 3 50 38 5 95
43 88 16 23 46 14 62 12 17 19 38 34 56 78 50 31 91 16 89 97 88 14 59 14 76 52 97 22 94 76 3 37 42 74 4 45 79 74 50 36 94 47 72 44 80 82 1 51 42 90 70 41 65 17 27 78 56 100 0 63 53 39
47 46 92 53 20 82 31 62 60 90 47 99 8 62 82 23 73 26 65 31 7 97 18 26 81 90 19 19 53 60 78 47 86 3 18 63 97 98 48 35 1 34 22 98 91 83 7 6 86 72 28 19 46 58 16 50 42 75 2 62 5 58
46 81 98 65 44 45 84 87 15 71 83 50 57 99 64 42 51 37 83 29 36 79 100 84 82 68 87 37 9 59 94 68 48 26 93 22 84 85 9 82 20 14 87 19 91 72 42 61 70 50 53 58 50 23 80 29 59 83 59 92 56 55
76 65 19 61 82 27 15 23 20 89 5 87 51 72 48 3 61 22 92 26 94 44 27 83 18 26 50 12 6 87 16 12 49 59 53 11 77 39 99 43 74 85 2 95 85 94 4 80 87 11 34 72 7 6 7 36 82 14 47 11 32 71
16 11 37 58 38 8 39 48 64 50 13 29 71 65 13 93 69 92 59 91 32 91 95 82 98 26 71 59 85 12 19 14 69 93 37 5 42 9 37 77 73 44 58 19 42 76 71 37 90 39 38 32 75 12 17 64 30 68 94 3 24 72
2 29 54 12 60 48 13 83 74 57 47 37 72 99 51 67 52 100 57 62 77 55 7 31 76 3 35 93 15 69 22 37 79 12 7 65 85 36 20 78 72 32 44 23 84 65 78 78 99 12 100 63 91 36 12 0 3 85 53 55 99 61
46 44 7 29 0 49 8 29 28 3 60 68 37 0 92 49 60 66 73 37 15 85 20 6 40 45 1 81 47 19 48 93 70 62 83 63 60 5 74 61 47 81 83 93 21 47 6 9 59 73 27 71 98 18 9 69 29 89 21 34 90 45
71 70 66 78 70 11 55 14 26 74 2 8 47 95 23 38 62 51 64 16 71 59 0 43 17 97 62 25 69 75 37 80 22 51 46 41 3 4 59 12 74 80 55 69 74 94 86 84 69 33 31 22 68 3 67 9 51 47 40 52 59 25
14 44 99 45 49 83 88 29 22 38 89 95 81 13 100 25 65 70 51 41 36 22 26 69 17 31 52 73 1 90 83 60 30 84 65 72 81 47 57 19 19 52 65 69 29 45 51 63 37 97 64 10 18 57 76 79 20 21 7 16 9 55
50 67 58 88 87 24 27 8 18 65 60 1 26 50 85 49 42 13 81 69 4 39 11 89 25 44 61 5 41 2 1 64 43 27 63 36 1 68 2 68 66 94 6 77 98 51 92 33 90 49 15 65 5 1 19 92 56 47 40 76 21 71
3 97 48 39 97 16 74 22 71 52 4 67 29 74 16 74 86 61 10 8 43 41 55 36 32 49 41 57 39 25 80 6 10 39 51 19 14 75 79 53 33 82 100 100 96 25 6 17 12 52 37 84 90 51 22 13 66 36 60 91 7 79
11 13 99 23 92 20 3 6 43 33 71 93 37 5 63 71 76 100 33 67 5 4 71 14 97 18 87 28 8 29 100 91 40 82 30 26 88 14 84 3 98 71 49 15 78 31 82 34 89 28 52 19 6 2 2 12 71 26 100 21 68 28
12 81 83 87 57 41 99 40 11 47 84 21 96 45 28 91 51 30 17 72 48 97 68 91 23 0 76 68 83 84 69 18 65 62 55 94 65 39 99 32 40 96 20 7 68 5 4 35 39 87 100 54 87 71 28 60 35 36 92 2 90 45
55 49 72 9 52 33 85 100 75 70 90 65 9 17 17 38 37 12 32 99 89 41 15 83 35 18 56 53 2 86 45 71 85 45 44 74 87 83 54 26 84 25 56 39 10 12 36 29 34 49 84 83 48 52 44 4 65 23 51 45 19 39
25 57 83 22 44 92 39 30 69 49 44 81 99 86 28 51 66 48 77 40 87 52 0 54 0 37 47 95 67 43 76 59 67 51 84 30 56 33 22 36 5 19 19 79 67 51 26 25 61 30 52 31 22 43 41 88 87 87 14 5 41 38
24 22 43 52 85 62 24 88 51 97 25 43 27 32 58 15 61 59 32 3 21 99 50 57 12 80 61 82 89 48 39 82 42 66 9 4 14 86 83 87 17 25 59 4 87 95 62 72 97 56 38 75 14 44 72 33 89 90 11 14 71 56
9 52 8 57 90 11 95 15 48 38 72 79 15 85 79 60 60 100 28 1 97 17 2 55 95 80 46 54 24 74 23 28 14 77 41 12 8 8 85 35 19 19 45 85 54 54 95 72 21 27 38 80 25 81 93 33 69 78 1 74 40 0
42 44 70 50 13 64 4 49 44 57 79 33 9 27 24 69 27 82 77 46 93 86 67 58 38 48 59 54 71 92 33 33 53 59 33 74 81 78 12 67 58 82 82 17 42 14 45 46 12 27 72 14 22 16 69 58 69 33 71 7 97 20
3 2 57 12 4 21 57 47 55 14 76 28 90 57 34 35 44 13 15 35 89 75 14 7 79 99 57 16 79 61 34 75 77 18 17 99 81 88 69 54 91 66 1 36 69 56 51 100 22 20 37 73 86 93 43 8 8 80 12 80 91 48
89 78 61 37 71 26 88 36 14 5 69 12 27 13 51 81 11 68 73 39 25 98 39 90 1 51 27 74 10 24 98 25 68 17 11 38 33 85 44 96 14 50 4 100 43 12 99 63 12 76 57 48 61 9 98 93 79 12 35 0 36 31
44 85 97 12 82 70 8 83 41 8 9 50 67 46 71 95 67 58 92 48 19 15 94 77 92 31 75 19 70 19 59 32 79 48 28 44 17 85 25 89 95 98 60 47 74 98 97 59 9 74 75 55 13 5 24 3 83 23 89 48 99 66
24 1 44 40 85 13 69 59 24 42 64 65 31 72 24 76 14 91 88 3 21 59 23 24 10 20 88 22 26 29 60 60 96 34 26 73 96 31 70 89 39 54 30 74 7 20 79 47 93 54 25 38 6 80 86 27 2 75 44 87 68 20
96 13 92 91 31 41 77 93 51 55 87 54 100 8 66 91 85 41 92 24 67 99 95 7 99 84 96 66 77 95 80 85 36 52 31 20 58 33 79 5 84 53 22 80 54 18 3 70 100 56 31 19 83 64 27 25 77 100 41 33 97 100
34 80 92 95 7 73 63 27 81 9 41 84 76 49 37 50 40 56 99 27 63 74 39 27 95 68 82 21 14 11 21 2 87 56 87 99 5 43 78 91 88 73 42 9 1 100 3 31 73 38 7 40 15 50 94 41 8 77 100 28 37 57
21 70 89 23 44 86 16 29 12 37 26 9 44 17 53 34 29 99 13 44 67 54 23 88 75 86 28 6 34 1 2 3 10 30 2 22 1 24 23 0 33 59 99 86 53 72 4 97 73 10 3 27 79 22 88 70 49 78 29 100 69 30
16 43 12 36 85 47 14 7 21 28 81 18 43 41 72 28 18 73 56 28 77 79 12 8 66 12 46 57 42 82 6 98 81 54 66 7 78 89 48 29 22 78 39 72 21 16 98 66 70 67 48 9 95 95 17 24 35 95 45 51 37 15
21 6 75 36 13 9 35 4 31 9 49 53 77 5 37 3 13 45 70 28 23 62 41 26 73 22 82 99 35 24 13 32 54 60 75 39 21 24 45 52 29 68 56 18 69 31 81 25 64 32 67 41 84 14 81 32 7 2 5 97 97 24
27 60 69 94 64 88 49 98 85 66 33 41 74 88 69 25 55 45 22 56 8 22 38 30 26 17 17 65 35 88 23 90 75 8 84 16 45 53 54 6 29 63 70 16 50 74 89 19 44 82 58 21 59 94 70 12 100 45 58 45 54 15
0 89 55 15 50 19 86 6 7 52 71 27 76 82 21 34 17 26 28 88 52 14 84 73 53 95 19 62 35 26 80 38 16 90 49 72 57 21 95 26 39 28 39 44 79 86 66 37 44 36 45 96 45 74 15 27 23 24 28 89 72 64
54 23 74 84 75 58 51 62 5 8 68 78 57 58 30 14 89 94 36 18 57 46 77 32 82 28 44 90 94 64 63 61 17 75 86 37 23 41 41 100 77 49 64 79 10 70 60 20 25 42 14 6 75 16 2 47 29 39 31 71 56 77
99 45 11 87 79 66 17 10 5 26 10 9 90 93 55 15 45 15 16 89 48 93 40 87 85 97 10 43 86 27 29 54 6 42 93 48 63 95 45 96 29 9 6 64 41 14 90 34 96 43 9 22 21 12 4 77 89 35 23 47 63 30
17 18 82 97 100 19 80 22 65 48 9 62 5 5 83 100 34 52 23 74 17 65 72 74 68 62 18 17 54 59 29 30 55 81 100 76 88 37 34 27 3 56 80 94 97 27 56 33 37 40 34 32 83 97 72 65 69 12 64 48 52 23
66 5 27 27 90 78 79 0 67 2 71 47 92 95 9 70 82 4 77 4 19 57 63 20 26 32 51 48 43 82 42 60 81 22 76 16 29 3 2 9 32 46 7 99 60 39 71 65 41 81 71 31 7 41 35 9 83 66 74 84 11 23
81 45 41 66 99 50 30 35 47 34 55 82 98 55 34 100 100 88 13 59 18 71 12 93 85 29 16 72 36 99 63 21 69 97 29 90 78 15 25 82 50 100 81 18 49 9 47 76 72 30 82 50 36 69 10 60 57 13 74 92 2 83
88 87 97 11 28 24 70 58 69 69 47 47 46 49 87 77 39 83 95 19 34 41 20 72 24 67 26 25 93 20 33 86 39 45 66 71 44 14 18 92 43 78 97 19 67 51 3 24 55 68 0 41 73 78 43 81 49 48 25 19 38 1
46 24 98 99 91 44 52 24 99 44 76 27 64 80 40 56 15 7 29 53 70 99 10 29 14 27 92 7 26 17 88 47 61 16 38 45 18 67 43 94 90 10 60 25 75 52 69 91 43 5 77 29 7 41 29 26 32 72 70 5 11 30
26 51 71 48 33 11 61 95 20 95 27 20 100 33 12 31 66 40 49 74 66 70 48 35 88 33 47 31 2 10 83 80 8 62 60 80 85 47 92 56 31 11 41 1 69 87 55 77 85 86 5 76 24 90 100 9 40 55 78 76 28 66
34 92 24 42 38 98 82 77 61 90 60 83 45 48 71 78 57 24 49 83 15 81 40 69 62 45 14 64 10 11 19 87 93 14 57 59 75 52 3 84 75 62 13 15 60 63 57 43 71 69 59 36 77 64 59 25 13 64 15 74 56 65
27 30 34 40 91 56 18 89 51 68 83 39 8 48 49 74 63 4 1 19 5 52 7 55 96 100 56 54 24 37 4 76 87 66 89 36 55 92 13 61 46 70 99 0 15 47 28 6 82 64 20 72 4 58 37 88 87 73 16 70 100 51
76 67 73 79 100 52 100 9 51 18 4 45 63 50 36 52 48 43 52 81 1 10 38 6 14 90 90 56 77 2 62 53 62 34 28 28 46 65 34 35 85 30 90 44 59 54 41 12 4 70 76 76 55 18 13 48 25 94 41 79 66 57
7 60 90 86 36 52 78 32 47 12 12 6 8 95 23 41 50 49 82 1 43 10 69 9 66 9 46 6 75 31 16 27 31 77 37 79 23 56 20 99 0 29 23 19 3 39 11 10 44 17 67 88 58 9 94 72 43 16 32 93 23 100
79 61 9 19 22 39 74 22 49 80 67 95 65 78 57 20 86 14 96 38 90 52 45 41 24 39 39 37 0 57 56 10 95 61 99 41 97 72 30 82 7 54 41 53 9 52 77 63 97 29 39 40 39 28 14 67 67 45 71 44 73 52
89 99 44 72 52 57 37 100 55 55 64 12 2 12 25 49 8 95 59 83 90 33 83 35 54 8 98 55 86 81 96 74 11 0 20 2 87 26 51 89 71 98 13 64 99 37 72 49 70 24 54 89 43 96 96 16 77 59 60 78 61 49
65 95 26 65 68 60 17 55 62 44 5 56 40 84 13 30 48 90 72 90 20 73 45 30 94 65 29 56 7 59 80 25 8 18 54 69 23 57 21 70 87 9 0 35 29 81 94 8 84 75 40 85 73 17 33 31 8 27 41 28 75 34
72 90 80 1 69 4 57 70 20 55 70 94 81 4 29 6 48 59 96 27 67 39 16 45 41 61 11 3 74 81 93 27 50 38 8 60 61 27 15 77 78 98 76 95 79 61 96 89 86 23 45 12 88 100 17 67 18 14 14 28 43 24
41 47 74 47 94 37 24 56 57 27 71 13 5 83 20 85 43 31 50 26 65 34 17 94 46 31 16 4 80 86 85 77 55 40 65 95 83 13 34 89 8 61 100 75 11 40 3 78 53 14 85 23 70 45 10 19 98 1 55 32 52 68
6 37 76 64 11 12 99 23 72 27 11 100 9 54 17 94 62 30 48 34 33 51 79 75 1 22 81 98 29 10 93 7 96 60 14 43 60 80 53 59 10 31 15 96 57 98 69 82 66 20 36 10 35 85 99 88 93 28 23 91 42 1
97 59 77 78 18 13 50 73 1 87 11 30 17 6 67 63 36 55 27 73 83 46 50 10 15 84 44 37 92 99 80 29 38 33 57 86 5 67 13 98 33 89 30 1 5 84 62 70 7 39 95 22 42 84 41 26 44 18 56 0 4 94
49 56 70 13 17 85 47 68 47 35 15 58 6 63 47 51 27 12 96 44 35 41 9 27 7 86 65 95 49 26 34 50 58 19 97 13 42 10 9 77 50 26 36 92 13 38 80 79 14 36 14 30 92 93 81 24 47 91 36 100 65 23
54 83 47 83 39 12 50 35 33 24 43 90 89 41 10 95 79 86 49 16 82 37 30 50 96 82 72 98 77 48 90 27 85 16 8 32 15 3 36 29 48 59 90 99 99 83 75 77 19 38 21 37 34 46 35 92 83 46 6 53 77 84
54 48 8 63 36 69 31 21 64 18 68 32 59 32 85 5 6 88 39 17 27 39 53 72 62 13 21 8 20 12 53 41 6 100 83 52 99 74 10 57 22 9 54 79 44 99 28 80 95 37 2 71 6 39 96 93 31 80 82 51 6 96
19 66 96 84 5 55 96 2 97 46 45 50 39 40 86 18 3 53 35 40 72 16 35 48 42 47 10 57 96 9 4 70 17 91 17 72 38 6 95 56 87 10 15 55 39 75 30 34 72 97 95 40 18 82 5 8 94 64 38 93 45 33
58 17 89 35 95 87 54 73 67 69 32 37 97 5 80 72 28 56 81 95 40 1 84 1 76 49 1 85 72 45 59 31 18 83 30 18 77 36 63 77 58 7 54 13 8 67 72 45 28 79 52 17 28 73 34 25 78 41 61 55 94 70
100 49 53 64 16 85 95 52 70 43 22 59 84 28 7 38 93 83 38 51 41 93 60 76 57 80 87 84 73 24 0 70 63 50 67 72 44 99 6 65 73 21 45 57 83 26 29 42 95 90 93 11 46 26 13 0 18 10 63 11 55 25
17 20 24 88 94 38 60 60 16 70 70 10 85 29 47 95 91 4 90 15 65 2 1 54 38 95 27 85 78 73 1 69 76 78 41 96 76 85 8 41 67 22 39 7 19 13 86 8 85 83 67 25 55 67 19 49 6 46 71 7 31 81
21 71 57 62 92 16 93 14 72 38 0 86 84 37 82 71 78 95 79 51 89 23 88 51 53 65 5 36 57 84 97 22 19 37 37 33 71 10 54 26 20 12 46 65 91 88 76 26 93 70 55 35 38 32 38 43 84 74 59 65 7 57
19 95 37 9 45 53 92 27 79 58 14 46 10 24 23 51 39 42 7 94 38 92 1 44 87 85 89 28 67 86 92 60 36 49 22 44 72 28 7 78 41 20 5 67 46 12 69 30 63 2 32 59 100 58 53 84 90 43 55 93 56 83
61 53 3 96 33 36 31 71 99 21 34 28 56 47 29 86 91 13 98 63 58 71 96 49 96 24 9 53 37 90 19 60 41 99 38 68 86 67 76 3 10 83 45 21 53 0 24 77 84 14 22 69 42 28 88 50 100 14 71 50 25 25
85 5 65 19 59 49 28 85 56 54 60 22 79 67 11 88 20 70 90 24 75 50 100 67 51 86 36 70 82 58 3 70 28 33 10 24 86 75 93 9 93 8 28 51 20 50 9 40 98 1 47 66 1 72 81 9 19 27 81 49 65 73
42 65 9 53 74 88 66 25 70 22 80 92 74 67 80 18 89 77 57 68 73 66 62 7 78 51 56 79 9 66 63 20 26 36 43 74 99 53 97 63 48 1 94 66 41 54 19 72 39 95 75 72 0 46 10 58 39 92 20 79 87 93
33 38 45 40 6 22 30 5 86 57 45 54 4 7 84 51 3 90 43 91 93 75 50 78 21 20 95 59 35 0 31 42 71 49 72 16 8 93 55 58 63 74 68 22 98 39 89 24 48 88 71 23 7 42 23 18 72 63 58 12 12 27
