35 48
44 85 75 9 42 74 53 61 3 22 69 73 96 67 24 4 57 27 37 14 58 67 15 25 16 75 45 53 46 48 25 51 84 59 95 76 92 100 67 80 28 48 50 30 4 50 59 98
99 54 27 63 4 50 54 75 82 69 24 72 27 94 75 17 94 12 47 43 28 70 15 52 28 97 11 26 92 96 30 49 16 94 65 68 54 49 30 33 37 22 2 55 23 97 79 66
66 28 44 93 40 32 86 77 1 88 14 78 4 95 80 91 100 25 99 82 70 74 75 77 45 92 62 49 54 57 100 53 47 74 6 91 20 85 79 74 88 64 96 52 57 29 57 32
56 42 12 32 43 56 91 46 61 46 1 100 31 76 38 91 38 29 84 90 81 37 82 28 35 54 90 39 53 87 17 80 22 65 15 79 30 31 53 37 50 96 60 2 61 78 9 64
29 74 93 37 90 95 39 32 62 41 16 17 26 92 76 0 2 80 73 35 84 47 8 97 94 1 36 21 20 73 0 92 82 8 23 56 52 50 62 45 50 2 1 15 84 58 17 86
50 18 2 31 47 14 40 89 3 10 47 85 99 72 72 20 37 25 51 27 41 61 27 68 27 57 67 79 63 89 45 47 48 70 64 57 21 26 6 64 49 95 71 67 33 7 7 55
11 75 44 61 66 13 95 48 83 10 8 11 37 77 26 15 54 90 42 65 70 38 76 34 68 49 47 14 34 28 25 64 40 62 70 31 0 24 3 20 36 45 2 68 17 24 98 85
34 97 10 29 18 72 92 32 32 26 22 6 37 11 0 71 19 52 7 5 19 89 92 4 76 15 8 44 1 37 15 52 3 2 44 45 81 19 95 86 68 27 100 81 16 53 71 61
71 94 100 55 84 61 6 13 44 78 26 20 32 71 41 74 59 24 58 18 63 35 7 87 80 78 28 29 40 88 90 47 10 25 57 53 86 7 92 21 55 62 23 46 76 84 0 91
29 78 22 47 34 2 28 8 2 71 40 66 93 64 24 63 82 84 47 26 34 52 31 53 55 95 33 77 87 37 35 78 34 70 48 53 9 20 62 40 48 72 35 79 58 59 60 68
54 64 13 89 92 94 92 13 79 100 33 51 45 47 48 90 20 97 38 90 63 41 37 85 77 5 28 72 76 22 32 43 74 79 12 29 70 49 76 78 43 93 13 86 99 51 57 26
74 78 63 82 54 24 12 31 78 17 38 40 11 77 7 3 20 19 10 1 95 43 100 60 95 79 19 76 79 18 89 11 98 26 86 81 25 9 23 28 5 17 87 50 55 83 15 31
22 92 3 34 87 19 26 12 37 32 3 21 100 51 78 93 5 29 78 83 19 4 81 21 65 8 18 94 21 99 78 93 75 97 77 35 59 75 31 82 48 27 60 78 49 64 51 93
40 0 85 30 49 49 93 23 55 35 66 26 70 69 26 31 45 70 36 46 44 72 81 7 35 49 82 96 76 59 60 52 92 27 40 55 70 74 64 19 67 76 35 46 68 64 93 64
71 37 45 76 14 19 82 70 76 53 25 34 48 33 6 46 89 16 94 39 49 93 15 56 3 96 37 50 3 37 44 5 53 80 18 27 73 7 44 43 37 56 61 89 57 90 48 2
88 3 77 78 30 51 10 19 94 35 92 3 44 13 23 11 55 19 8 9 59 100 75 23 57 6 11 86 44 51 7 84 7 63 60 29 33 23 89 0 50 1 60 50 92 78 4 45
28 55 90 8 68 37 17 55 50 26 15 96 40 91 37 83 39 60 69 84 81 34 70 74 63 52 42 47 55 5 69 38 86 57 79 19 42 68 92 54 79 78 28 41 47 34 54 57
0 60 59 33 28 58 16 48 57 20 92 12 44 85 51 82 43 53 85 17 17 45 52 32 50 32 22 32 97 77 2 42 36 43 10 80 8 77 34 54 6 69 3 55 85 71 29 51
21 86 13 9 55 36 26 87 5 19 66 99 75 68 1 12 0 90 32 8 40 15 83 80 69 23 91 70 89 44 95 4 16 79 81 57 76 51 56 89 13 46 91 25 83 11 91 61
51 99 40 87 34 76 52 23 62 99 47 28 93 67 47 30 82 40 74 47 26 50 41 86 81 16 13 21 51 26 25 38 88 3 82 87 100 3 60 32 29 7 31 26 63 29 19 73
97 65 38 64 74 54 47 38 27 2 75 50 51 93 22 29 10 48 45 2 21 2 9 59 48 41 69 40 57 85 29 45 36 72 79 28 98 83 30 34 56 45 95 40 95 46 84 98
50 29 61 100 28 93 4 91 50 84 30 69 86 8 69 95 31 82 57 16 91 74 82 81 56 58 93 74 24 43 71 51 76 38 1 56 50 73 6 82 32 69 71 75 80 52 65 7
78 87 94 38 35 27 93 70 0 95 47 69 82 69 25 53 72 41 82 82 75 21 36 56 30 65 53 17 97 97 16 57 32 70 72 97 17 22 7 77 94 15 54 43 94 41 73 33
3 3 14 17 93 53 13 18 32 91 55 82 37 37 33 50 12 13 71 94 25 5 97 24 48 25 32 36 79 42 25 89 49 18 31 91 63 58 22 68 65 11 19 42 36 3 3 30
76 63 42 94 70 1 55 46 33 24 76 1 25 8 87 64 99 69 5 91 62 69 43 89 43 96 20 32 62 0 22 31 55 37 59 19 91 78 18 67 9 72 12 54 11 30 71 49
84 43 84 28 44 50 92 92 96 17 0 18 59 63 69 74 98 81 94 14 31 34 53 73 90 88 68 72 18 46 19 13 40 74 34 22 22 83 63 57 64 67 91 87 77 88 27 42
33 26 19 11 81 31 44 38 68 96 12 86 68 4 86 56 27 97 76 35 63 66 28 77 10 64 27 21 91 68 65 12 51 48 97 92 33 38 25 69 61 53 4 39 62 76 33 32
26 87 5 65 10 2 44 36 92 89 16 40 60 7 4 91 45 33 76 36 83 44 89 54 96 33 66 72 68 93 9 59 41 96 44 99 34 4 31 33 61 68 85 72 2 19 5 0
22 90 97 4 85 90 91 56 93 27 35 2 80 15 2 73 42 74 51 94 48 5 26 83 59 86 32 89 61 8 70 21 8 14 68 3 5 70 85 86 21 65 7 22 20 18 11 55
95 18 32 11 17 4 80 72 6 88 18 59 18 13 36 8 69 66 42 15 52 25 89 84 61 82 40 19 47 47 72 39 13 46 91 22 75 35 33 36 69 84 85 75 3 31 59 46
4 6 5 46 60 1 80 94 65 24 38 62 88 45 9 64 10 48 21 99 42 53 17 42 93 2 51 55 48 37 21 24 46 61 96 86 15 32 49 77 5 94 33 79 31 28 13 55
91 3 21 79 1 62 93 97 30 36 50 48 20 89 30 84 94 12 37 16 33 42 51 0 80 49 15 88 18 19 75 46 44 51 12 94 9 29 55 65 94 10 41 98 13 72 76 34
32 88 72 6 87 23 65 21 27 23 69 34 34 82 82 8 72 27 14 50 16 47 35 54 36 64 94 26 67 31 39 22 33 70 32 86 57 91 47 66 53 56 9 64 51 82 1 24
69 49 65 90 2 61 24 56 87 14 46 74 62 27 87 19 11 74 92 42 60 74 96 40 79 45 64 47 66 44 90 48 67 37 95 43 89 85 77 58 2 13 18 28 16 25 63 15
25 21 77 23 12 67 49 38 70 91 63 54 9 68 91 23 39 40 72 11 38 23 72 80 27 30 56 93 89 4 31 77 76 50 83 60 95 76 27 6 35 93 38 39 82 89 41 91
