32 39
3 4 30 58 10 57 96 49 17 38 28 63 13 64 81 25 93 98 26 72 81 78 34 75 11 70 33 65 26 80 67 13 5 65 93 48 40 3 5
85 85 73 64 99 68 57 11 39 45 67 17 32 54 14 91 89 97 17 58 21 55 53 25 89 92 24 60 72 64 33 3 55 74 1 14 63 20 2
79 78 41 3 33 35 46 58 1 100 29 56 72 61 100 59 25 53 87 35 23 94 37 76 23 29 77 100 82 98 33 34 60 68 18 15 67 90 49
3 69 60 33 51 72 49 5 62 83 59 35 72 52 30 62 52 68 87 47 41 96 43 51 24 15 87 29 53 69 59 43 65 1 1 30 17 33 96
4 59 75 1 20 84 96 54 49 20 8 23 39 29 36 69 77 95 90 5 58 86 29 40 21 6 10 53 11 46 69 69 99 5 66 51 15 7 61
20 9 14 92 49 60 69 13 31 36 26 40 40 9 14 56 66 62 64 69 30 50 39 74 41 48 78 42 93 76 40 10 44 30 12 34 52 0 69
97 67 47 67 63 78 77 57 68 54 5 27 74 36 68 84 15 96 30 36 42 49 96 5 8 86 12 47 23 60 98 90 37 35 3 61 96 90 23
75 41 26 11 38 35 46 7 46 37 98 8 44 48 81 5 37 0 76 29 37 68 72 10 14 100 49 37 44 90 40 66 64 59 85 65 59 6 93
43 64 72 4 45 6 87 81 90 83 35 39 36 79 58 82 46 23 25 29 63 86 14 32 16 94 50 23 0 36 98 10 86 33 40 69 1 83 22
22 40 6 6 2 87 20 72 5 79 23 73 65 42 29 73 29 59 96 69 9 79 27 43 84 26 63 17 49 10 81 72 66 94 63 22 37 70 93
0 83 88 56 44 79 51 87 30 14 88 83 82 100 74 72 54 87 21 76 0 51 98 76 68 9 4 25 94 96 62 41 81 28 7 7 52 33 30
33 18 67 94 26 81 60 4 76 67 16 33 78 40 51 67 18 93 95 69 9 60 64 11 20 62 9 1 46 28 89 5 64 10 67 13 91 97 93
23 56 69 28 95 23 14 98 21 6 36 67 85 65 31 99 51 8 43 68 84 3 58 14 85 40 18 36 76 60 22 8 95 23 64 22 30 71 6
14 66 84 98 93 6 41 100 30 80 75 41 22 14 29 76 45 20 84 91 68 3 83 0 49 78 13 64 11 88 89 36 53 25 8 84 10 26 39
24 79 94 16 2 89 69 40 94 78 75 17 94 13 11 84 32 87 88 58 69 51 87 41 26 30 21 28 8 60 17 46 6 26 70 5 83 81 66
53 60 73 16 66 7 37 67 8 30 74 1 72 100 68 93 71 71 70 99 30 16 40 0 15 67 35 45 65 82 36 8 37 20 4 87 15 24 39
76 96 20 44 87 70 47 88 10 54 20 41 47 83 6 77 70 81 14 78 50 84 11 29 22 90 15 33 20 12 54 6 77 9 4 80 1 55 28
17 59 68 48 53 55 90 65 72 35 39 77 13 13 85 99 25 17 98 60 51 59 39 46 46 75 57 82 7 18 10 96 19 92 91 11 29 43 8
78 16 45 40 82 36 26 60 5 12 21 21 25 65 86 50 83 68 64 84 21 41 100 94 100 8 62 25 47 71 55 81 91 95 85 56 82 99 39
0 35 76 54 71 53 75 29 69 42 92 72 70 1 58 71 21 18 53 90 46 3 34 3 2 58 44 52 15 15 75 39 49 43 26 24 40 78 88
20 25 52 15 75 4 49 58 58 84 43 91 27 81 10 75 65 81 92 78 10 22 96 17 71 30 97 18 86 1 20 77 33 75 6 74 48 64 58
56 29 44 53 98 0 63 28 35 16 37 26 59 96 11 52 53 70 25 23 57 14 58 22 7 44 1 70 84 64 17 21 68 94 7 8 61 96 67
72 79 60 34 38 65 13 50 26 98 19 93 84 97 28 80 25 43 18 16 28 24 87 55 58 69 10 97 32 78 52 38 87 51 25 17 27 23 81
17 44 87 79 16 73 43 96 50 54 31 41 89 21 16 32 7 6 95 32 84 12 48 31 4 83 10 1 21 28 74 53 49 70 94 5 38 94 57
74 74 89 39 61 64 80 35 89 37 64 49 46 96 35 22 40 60 60 62 52 67 74 38 87 67 82 44 87 66 62 78 10 58 50 100 99 0 30
62 38 98 19 67 80 58 90 28 54 41 49 99 75 49 34 83 57 66 74 88 59 68 44 96 62 60 45 65 42 47 55 100 68 11 62 28 54 65
48 46 22 8 51 82 4 67 69 93 99 41 5 65 20 21 53 51 66 12 74 80 83 25 70 36 32 34 19 92 7 67 1 90 86 54 16 59 52
8 88 19 2 48 79 40 2 22 24 43 63 59 8 39 34 95 33 40 54 24 73 49 57 57 85 42 53 9 45 58 97 43 69 6 67 99 97 53
66 30 47 16 95 49 45 4 66 50 43 19 25 64 90 76 10 55 6 45 73 26 16 71 22 63 52 9 12 86 99 51 51 47 93 73 22 75 44
64 29 72 19 64 69 98 49 86 48 93 46 89 48 23 84 18 93 13 88 10 65 4 74 24 22 39 66 79 30 82 9 50 11 31 5 51 25 23
44 20 0 37 5 40 4 15 46 43 59 48 68 62 69 85 19 96 89 87 0 30 36 27 38 85 61 99 29 36 42 85 97 60 38 33 89 18 94
87 33 36 75 5 22 23 8 30 70 34 60 0 36 58 13 45 65 82 83 57 58 74 54 79 42 3 74 3 1 31 1 90 68 25 35 36 43 46
