94 38
14 77 86 57 62 25 45 36 69 48 96 36 28 58 30 81 60 45 82 97 76 80 56 11 99 82 29 38 33 87 86 87 58 61 35 38 9 62
47 36 17 7 36 2 80 7 74 37 58 73 30 14 62 99 90 13 84 35 95 57 100 72 27 75 95 82 31 75 67 98 39 77 26 28 83 46
63 63 12 72 10 86 93 57 62 39 96 77 12 38 74 94 43 21 75 52 81 39 42 54 96 41 36 40 36 6 68 6 18 8 30 75 97 85
67 30 42 87 64 5 45 50 44 68 70 25 74 43 1 66 100 50 35 36 14 53 17 95 26 72 62 16 36 99 28 69 7 46 77 99 57 89
61 17 62 59 35 27 91 25 46 69 9 31 60 88 7 14 92 66 70 60 61 85 4 73 44 79 23 94 51 61 93 45 32 15 1 61 29 86
93 72 45 91 49 33 51 5 65 75 10 47 59 22 36 17 9 45 26 4 24 83 97 97 51 34 12 8 24 35 37 100 98 65 100 68 34 6
28 87 94 60 92 47 89 19 21 92 23 46 84 25 29 0 25 97 89 66 72 68 99 36 9 1 52 22 75 18 17 93 77 26 13 13 65 76
6 60 96 6 45 98 36 80 71 74 62 58 71 74 70 72 78 56 96 5 21 36 28 40 31 86 12 40 7 13 94 27 27 59 24 59 65 82
57 17 1 91 57 95 64 21 67 64 16 21 72 70 29 75 24 98 18 57 8 70 40 78 38 88 58 60 40 90 44 5 20 15 85 33 72 8
61 37 65 33 64 24 22 77 4 82 33 39 80 80 12 57 7 41 31 82 72 4 72 43 21 99 89 29 93 7 84 94 54 21 6 34 93 10
28 99 16 27 69 54 95 91 87 34 71 35 7 71 99 6 88 70 36 9 26 58 58 21 41 81 51 98 74 49 79 66 69 38 70 70 91 61
35 3 63 13 100 85 63 44 12 14 13 20 61 5 38 22 36 41 13 2 65 7 59 1 86 29 62 56 78 11 0 65 95 55 79 81 55 11
62 96 48 8 41 78 95 88 4 26 60 16 54 43 88 35 84 74 79 47 45 72 81 64 62 53 20 69 81 69 43 57 37 9 25 77 78 62
46 82 6 19 76 30 73 19 40 84 30 1 46 55 7 59 77 28 11 93 55 97 8 49 29 79 10 5 20 27 84 72 78 70 3 49 44 23
81 64 83 30 36 25 18 32 33 3 26 55 36 100 43 61 12 5 37 39 57 31 57 20 89 71 65 23 92 85 5 57 25 67 99 38 100 70
10 24 40 7 64 13 1 76 53 82 54 96 20 62 96 70 56 28 3 37 98 3 85 54 48 0 90 17 45 14 75 89 82 24 81 74 42 44
72 83 24 23 34 2 62 71 88 80 69 22 33 99 18 47 44 73 58 9 60 50 1 94 66 62 46 7 77 29 16 58 25 68 65 22 66 27
13 26 48 24 38 67 80 35 23 58 14 26 62 3 27 25 84 31 43 36 53 83 66 13 72 86 59 53 68 57 86 14 0 58 88 36 12 90
26 15 54 17 11 30 25 3 82 36 57 30 29 79 23 58 79 24 96 5 3 80 41 25 67 92 9 77 93 0 56 32 65 7 50 86 31 3
8 75 64 40 20 36 80 31 95 32 55 69 56 70 73 55 2 44 57 96 16 59 55 59 52 28 84 38 96 9 14 22 24 74 85 8 64 54
45 22 70 19 100 43 35 19 79 19 46 31 7 76 3 45 34 58 67 67 39 7 65 44 12 37 27 45 54 59 1 89 42 96 61 13 17 15
72 30 83 58 96 36 16 93 69 8 90 67 11 12 76 16 1 99 89 48 46 51 31 18 43 96 51 81 57 47 11 65 20 36 33 93 7 59
88 62 27 38 75 80 72 72 40 47 37 7 37 31 70 86 23 27 45 14 70 13 54 96 0 76 59 77 21 52 84 56 73 7 99 12 57 36
59 29 28 44 41 83 55 67 72 26 65 57 89 54 95 83 22 70 86 60 99 98 35 58 17 90 1 3 50 7 59 68 19 82 22 95 24 32
46 1 98 69 7 25 78 34 55 58 35 37 54 87 19 10 14 82 75 19 42 90 19 27 47 87 9 2 21 14 24 45 62 39 0 68 31 28
12 80 93 30 55 97 68 84 66 61 53 13 0 97 79 64 39 31 88 80 47 98 23 37 64 45 81 1 83 83 16 9 42 12 69 26 30 4
44 17 56 58 35 91 89 34 60 97 36 3 70 63 55 79 53 38 43 28 79 51 39 4 19 14 95 11 77 53 94 38 55 100 19 58 2 95
7 5 82 54 15 10 53 50 6 83 4 50 30 47 97 18 66 26 44 41 95 69 16 29 8 13 12 24 31 16 94 65 28 61 10 85 38 58
51 63 19 7 31 96 26 40 76 54 99 33 54 67 4 76 17 52 48 19 24 27 1 3 47 61 85 36 35 47 91 77 34 24 70 69 35 69
8 19 13 17 20 74 3 59 88 3 45 74 61 67 3 57 12 63 88 51 95 54 9 47 95 67 46 78 50 20 3 84 79 19 14 80 26 79
15 38 98 53 71 13 28 100 57 84 25 25 96 82 11 39 88 26 26 77 77 4 56 33 16 42 71 49 58 22 49 16 71 11 62 94 37 36
60 22 44 28 7 49 47 99 66 51 55 9 11 81 21 80 77 21 23 57 74 79 93 66 72 9 53 37 54 17 2 18 67 61 4 96 100 96
47 98 68 87 9 34 37 86 64 88 33 19 61 33 33 23 50 70 40 77 85 11 13 91 65 16 70 30 38 24 97 68 96 12 20 98 9 83
39 44 7 23 5 44 24 22 11 78 12 36 76 38 66 80 48 18 33 88 51 76 70 82 86 44 38 0 64 87 78 95 33 43 58 79 63 64
55 77 39 11 6 52 93 85 3 69 35 12 73 16 42 81 19 47 80 5 28 30 22 74 80 64 59 86 53 39 37 6 85 27 23 23 72 87
94 49 71 61 67 46 43 74 93 64 81 72 87 65 58 34 37 79 17 16 30 100 51 79 38 54 14 23 82 99 64 30 71 34 26 26 89 31
79 51 33 49 43 42 83 93 14 43 99 69 93 81 96 100 44 53 89 33 14 16 8 89 70 1 58 56 98 52 66 61 32 1 65 64 39 21
63 23 68 16 5 32 91 18 47 69 29 71 52 88 69 85 36 22 49 1 14 42 72 88 31 54 31 95 20 91 53 23 47 0 7 35 15 76
64 0 53 28 33 32 92 78 48 90 92 52 55 63 18 91 46 54 84 6 20 35 93 54 94 88 60 13 49 54 68 39 42 33 91 34 9 93
10 21 71 81 23 66 84 11 37 24 91 85 96 43 14 9 91 2 9 10 69 41 100 12 29 19 94 15 78 64 40 45 82 44 37 93 75 48
81 27 73 82 17 51 92 34 74 13 5 3 13 2 24 83 97 3 35 19 7 37 91 24 23 74 16 11 8 0 94 64 98 85 64 5 96 65
89 68 90 38 46 54 97 25 76 20 86 6 28 24 44 18 17 86 31 95 91 95 52 7 76 33 15 85 71 81 20 46 47 57 4 63 57 46
49 10 94 82 58 47 73 83 61 20 23 12 28 3 59 67 93 94 34 87 74 35 14 1 17 75 23 59 46 69 66 71 75 14 14 92 98 12
30 62 7 69 75 91 19 70 37 78 19 51 87 96 7 8 38 49 43 19 100 83 54 51 6 17 73 61 90 17 73 83 68 28 96 5 35 87
84 81 50 14 66 96 2 50 36 11 51 34 62 82 61 2 34 73 79 96 91 73 14 61 17 66 81 4 45 37 49 52 67 58 84 48 27 76
99 52 35 26 88 62 59 30 94 28 27 60 36 83 98 0 24 24 47 9 59 71 9 89 14 32 36 92 73 59 56 96 70 35 6 19 14 10
16 55 23 100 48 66 42 74 40 72 98 41 51 78 55 72 97 28 2 30 32 74 15 25 41 90 46 83 7 75 89 46 94 19 91 76 93 92
28 14 98 52 86 26 90 15 91 92 9 27 70 18 62 72 85 3 72 20 91 48 52 15 36 64 26 100 44 22 77 9 80 78 19 75 7 10
100 65 71 22 11 59 7 71 23 31 10 63 90 86 79 82 44 75 67 81 38 93 59 24 57 31 85 66 69 8 15 3 53 82 88 47 39 7
66 14 57 88 34 84 23 20 17 66 8 25 15 6 94 0 96 0 91 90 59 9 88 66 1 3 71 58 38 0 13 55 76 20 29 15 52 52
6 56 76 77 28 66 3 2 50 33 5 78 20 79 34 70 20 90 48 23 68 43 94 22 10 1 83 32 24 73 33 97 67 89 18 29 51 38
81 71 46 99 91 9 14 75 45 49 95 21 49 73 94 67 86 34 43 73 32 22 11 36 94 39 5 22 19 30 19 56 12 25 100 12 54 53
89 20 26 96 59 78 41 88 29 9 88 98 69 82 9 4 60 34 48 81 100 30 14 38 35 9 59 47 59 29 47 97 41 24 23 71 3 6
35 21 49 96 87 82 37 92 76 30 96 65 94 66 83 39 91 93 49 83 99 47 87 99 98 46 85 11 43 81 60 51 12 50 9 30 46 15
83 55 23 59 19 57 94 1 1 94 35 28 0 20 97 41 48 60 79 20 26 32 4 58 66 77 87 63 62 0 4 15 90 75 12 37 78 40
26 75 44 64 56 7 76 79 14 81 93 4 64 0 49 46 16 73 18 30 66 30 38 42 86 36 85 30 61 29 64 3 8 48 39 57 86 37
95 58 3 10 1 12 32 5 98 27 79 37 21 35 89 25 26 80 80 72 14 23 56 99 84 98 18 70 32 20 3 72 38 60 14 66 92 11
43 77 98 19 9 94 71 80 97 13 15 58 58 36 4 17 65 24 76 24 44 37 75 10 77 44 99 99 13 41 45 0 100 43 21 72 26 28
84 36 62 53 56 85 15 94 57 2 82 81 42 25 6 52 4 65 99 94 47 50 84 4 75 18 39 21 72 40 19 7 64 14 63 76 12 25
50 17 20 3 97 87 58 95 7 89 55 22 68 23 52 40 4 22 12 82 56 82 90 64 74 38 52 43 84 93 47 65 29 39 41 31 51 20
7 72 69 49 55 89 42 92 21 97 39 96 45 29 42 13 10 68 14 80 77 85 68 64 84 44 14 0 79 54 23 58 13 26 38 78 74 60
80 51 81 49 44 47 68 44 7 59 91 44 5 32 4 82 18 46 85 81 19 89 44 96 68 91 64 21 12 56 75 75 96 35 46 1 23 10
47 32 77 40 7 62 72 28 73 4 88 73 98 41 62 83 38 72 48 51 20 77 83 48 12 37 52 32 38 70 16 15 55 41 11 17 32 67
46 44 73 65 83 52 28 6 21 70 41 16 54 60 46 1 86 17 56 11 75 20 24 25 77 62 95 100 91 89 31 29 72 75 12 55 36 32
85 1 78 4 91 67 8 57 3 70 59 96 86 24 0 72 74 68 4 77 41 81 95 81 40 86 6 79 0 27 87 89 13 14 57 18 23 94
52 32 16 49 7 43 22 73 46 63 82 78 100 58 69 76 89 37 21 89 31 50 97 60 67 80 34 90 49 90 4 16 85 94 33 84 94 70
35 32 91 35 75 32 35 98 13 97 68 73 38 0 59 21 81 92 24 56 71 23 25 90 79 94 25 87 65 45 41 2 93 79 56 86 2 35
51 100 81 91 100 74 83 51 13 89 33 94 77 22 73 24 2 8 84 72 94 60 32 73 32 86 35 25 18 40 53 28 4 84 28 55 92 71
75 84 98 78 14 52 79 99 36 77 73 70 97 91 27 33 81 36 58 8 18 81 29 0 26 90 76 15 7 75 23 34 87 38 45 69 90 28
24 74 81 1 55 26 0 42 8 42 63 4 14 19 83 34 18 26 48 42 45 30 29 38 31 40 46 9 46 65 33 64 21 71 20 32 35 19
73 98 82 44 68 39 20 97 16 54 13 62 52 70 24 52 24 26 22 90 31 24 80 9 27 8 16 22 85 41 3 57 92 58 58 10 36 40
46 67 93 28 24 29 100 7 84 25 67 96 44 31 41 13 17 63 58 69 40 69 74 93 30 37 92 95 29 62 83 91 20 79 8 25 54 81
28 41 77 91 68 39 68 51 97 16 22 91 1 98 7 36 48 9 85 31 97 18 94 7 55 85 0 69 56 21 75 19 28 59 66 78 68 4
70 77 65 33 42 75 75 66 79 31 60 6 70 29 48 29 13 42 18 35 71 21 76 39 12 19 6 65 91 23 22 2 82 16 23 48 18 55
17 46 5 38 65 49 20 25 61 71 100 66 12 21 41 59 65 92 88 87 34 49 78 75 66 55 67 23 43 42 67 73 57 38 47 89 82 10
15 79 42 73 41 20 75 61 73 25 44 50 52 24 51 32 63 76 42 36 25 49 1 90 53 65 17 49 65 67 28 24 85 5 87 42 25 80
23 67 87 68 51 66 19 15 74 30 94 2 54 17 40 20 92 55 1 16 56 20 25 51 89 25 73 3 49 84 1 78 65 29 32 7 33 50
56 76 87 19 84 51 15 95 47 80 3 95 24 87 37 11 50 47 6 82 76 78 7 49 70 73 2 30 3 9 41 72 29 65 36 37 36 66
14 54 99 98 43 79 72 11 71 25 0 96 19 30 48 23 87 72 83 76 39 28 46 18 93 13 40 17 12 3 6 52 68 51 3 85 56 35
27 55 83 62 58 93 6 17 99 5 74 46 44 97 78 32 91 63 40 23 5 29 93 49 44 86 33 45 60 88 17 3 78 4 95 60 65 69
10 96 34 1 25 61 16 40 86 61 29 94 42 49 28 35 97 36 12 30 18 20 28 46 98 52 6 5 6 36 42 1 10 12 94 89 35 58
22 6 77 98 52 95 88 12 9 8 78 13 20 17 78 74 56 80 32 46 14 30 3 98 3 62 41 74 65 67 35 87 40 69 13 54 41 32
88 70 46 30 7 62 56 44 2 16 41 10 69 58 14 98 20 39 92 6 91 30 81 17 5 20 0 2 29 88 37 84 43 25 53 99 81 17
33 37 55 12 18 100 25 65 93 14 52 62 48 41 2 52 73 58 88 100 65 53 36 22 80 45 31 94 91 56 62 67 9 57 52 10 87 56
62 84 24 53 54 51 11 2 75 93 71 63 60 99 44 31 13 53 8 39 56 49 96 65 70 100 41 78 67 38 75 76 8 92 6 9 63 17
45 40 52 92 30 72 90 27 71 100 26 31 15 72 96 46 10 43 49 28 85 23 79 49 12 89 18 61 4 37 34 95 94 90 24 24 63 37
97 86 33 45 62 75 40 2 91 35 86 12 66 23 88 47 52 3 52 28 82 28 34 61 14 15 75 70 76 50 26 99 16 19 97 71 28 98
93 22 57 78 84 97 81 61 45 96 72 23 75 40 40 92 24 80 87 63 80 85 31 5 62 11 71 37 25 83 40 35 72 62 39 6 83 12
17 99 67 54 75 68 50 88 67 42 9 98 20 39 60 32 7 1 56 55 23 45 64 39 3 16 10 26 37 51 73 56 25 84 18 95 6 12
79 50 57 2 26 50 71 80 93 9 35 52 68 56 57 16 56 72 30 33 34 82 21 51 81 34 6 58 47 26 37 58 34 1 78 66 53 40
58 97 65 11 37 42 8 100 58 12 49 3 19 4 3 72 17 59 39 19 32 39 60 99 46 37 50 100 48 66 40 64 68 34 34 58 80 60
24 5 40 87 4 38 83 42 86 96 7 89 42 0 30 48 22 7 90 96 98 24 55 64 35 6 30 25 93 14 63 62 84 27 41 79 44 69
38 58 55 83 6 54 84 92 100 19 80 79 23 65 10 97 84 84 75 58 22 12 94 93 88 87 24 83 29 74 3 55 47 57 97 15 28 80
52 28 96 26 20 39 43 18 85 79 70 31 25 10 55 14 79 39 64 3 2 66 51 60 51 10 27 26 67 17 62 79 35 28 87 95 35 64
