20 42
47 1 61 39 31 97 41 51 12 22 13 78 82 34 26 3 96 12 20 31 19 97 35 0 64 45 80 5 72 37 37 35 19 49 41 56 25 82 6 45 99 65
96 3 97 6 43 88 28 70 40 48 9 52 36 13 4 34 90 29 25 19 0 1 34 11 79 19 51 50 66 66 2 75 44 72 55 78 71 84 95 53 33 25
70 84 13 55 12 81 56 72 81 55 55 31 78 0 56 76 31 48 53 81 11 62 34 52 64 27 37 1 2 41 60 70 34 47 92 83 68 79 35 61 3 92
68 1 71 32 66 93 97 46 15 40 54 7 6 29 24 59 29 31 61 19 5 14 92 95 78 77 67 76 87 62 52 14 33 10 16 93 85 9 30 10 53 52
53 48 50 18 8 87 43 63 7 82 23 84 49 44 65 80 48 60 26 65 91 40 46 24 44 37 74 83 9 71 74 76 43 24 2 90 84 22 85 58 16 79
45 39 33 71 80 7 46 46 46 47 61 53 57 69 26 39 43 10 28 34 49 16 8 69 14 26 71 0 82 84 43 61 5 67 97 86 76 34 6 19 29 81
32 47 45 57 78 83 78 81 45 77 83 17 65 71 22 15 57 69 76 53 73 11 76 48 25 43 13 48 18 89 17 58 71 76 81 72 42 63 18 75 3 95
67 21 18 23 44 67 85 94 54 7 97 96 59 51 14 7 28 45 49 55 41 84 89 1 35 35 96 0 11 47 17 15 12 77 76 27 11 52 73 24 28 59
0 13 26 18 16 69 41 37 90 19 93 45 76 54 90 44 6 19 39 21 52 60 91 31 62 100 9 17 13 36 59 90 23 46 94 21 2 60 81 55 94 11
15 58 88 92 75 5 80 25 1 85 24 65 30 97 30 5 3 41 92 0 89 45 90 18 97 27 28 3 21 15 23 65 48 61 50 38 55 95 87 82 58 12
18 100 30 82 100 26 45 58 60 23 94 53 66 31 97 90 68 43 48 30 88 89 50 6 43 72 24 29 13 71 17 94 5 78 18 55 28 55 65 91 58 6
22 2 62 1 76 73 34 7 76 84 50 28 19 96 2 59 94 24 44 99 84 62 6 59 4 99 39 79 99 13 8 3 57 85 40 28 37 18 78 28 68 47
29 2 33 7 65 77 93 4 44 70 0 63 71 28 42 87 81 79 65 28 56 51 54 6 55 53 97 23 29 24 71 52 2 23 87 65 17 71 95 17 28 99
16 28 24 60 1 63 62 82 35 74 85 21 45 34 99 78 2 72 58 69 90 57 23 33 58 61 24 39 43 29 82 56 38 55 58 93 14 38 58 79 61 23
90 72 21 68 80 0 66 89 19 92 51 67 47 2 79 34 19 56 52 22 0 92 62 59 45 49 60 22 50 63 8 95 72 23 63 22 55 24 89 71 69 97
77 56 91 93 10 46 83 16 60 71 57 88 47 30 0 97 59 37 23 16 24 73 86 31 77 89 47 92 66 77 37 36 92 93 81 56 92 8 99 31 19 77
17 25 4 60 50 97 26 17 76 97 34 8 48 54 43 81 2 51 19 67 26 75 91 18 59 55 83 73 21 71 47 81 95 44 75 5 35 51 20 55 27 32
55 39 89 46 39 3 37 20 35 89 100 15 22 15 4 29 15 9 91 38 13 15 94 75 63 63 24 90 42 25 44 60 8 0 22 94 43 49 40 26 49 22
52 1 6 20 65 20 27 92 48 41 30 72 68 48 30 95 66 21 82 75 27 26 74 47 76 66 57 25 84 96 32 32 69 18 58 1 83 41 56 87 75 49
1 58 15 55 15 14 90 75 67 66 55 96 77 50 14 66 76 6 99 21 91 21 53 26 2 67 49 63 46 60 11 64 86 56 81 92 12 11 78 33 40 30
