93 83
88 91 37 40 84 2 44 48 73 81 33 16 59 96 7 2 67 39 53 12 45 45 65 39 79 11 88 41 43 56 62 29 42 89 20 72 75 63 50 29 71 32 78 74 91 22 67 13 26 95 9 41 39 38 38 52 100 92 46 1 49 83 50 0 91 11 71 37 12 13 9 43 99 82 42 78 25 17 46 6 43 59 95
15 68 74 83 44 37 24 24 42 12 12 40 26 6 3 87 87 64 55 80 97 96 88 61 56 61 22 48 81 6 84 16 69 47 99 78 43 13 68 1 23 65 55 58 3 30 21 92 61 30 63 51 63 39 32 33 22 45 85 85 13 32 59 66 68 25 26 96 34 35 46 42 87 93 63 51 92 18 25 1 7 5 77
13 46 90 48 48 78 69 48 90 71 1 5 58 97 62 32 51 34 15 87 25 18 35 0 80 79 83 93 45 57 0 99 47 68 16 76 26 96 35 34 28 21 25 53 67 79 14 51 68 34 51 35 27 77 51 58 31 19 41 68 82 83 14 97 82 58 26 16 99 87 80 54 80 47 74 49 33 39 27 19 56 79 37
10 37 6 49 8 76 99 78 87 6 68 47 76 99 69 96 75 12 75 71 0 68 13 55 32 92 78 62 74 75 13 57 66 50 61 75 26 51 26 15 64 6 52 69 48 75 62 56 75 15 14 59 33 57 70 78 22 83 92 83 41 13 8 53 59 45 89 52 65 26 26 60 54 89 26 99 42 50 38 52 70 82 49
80 51 33 35 84 91 70 41 54 35 82 21 81 85 94 72 8 56 68 76 27 20 18 50 76 27 19 55 8 44 40 33 59 2 98 86 55 27 3 47 56 53 10 22 84 4 87 52 41 0 28 29 59 77 83 66 6 95 18 19 93 38 83 78 83 37 57 76 14 21 66 69 84 60 30 47 90 34 84 86 63 38 34
25 61 18 33 52 47 48 71 78 10 14 86 12 75 95 17 97 84 44 54 18 68 77 89 36 90 66 57 52 82 42 74 64 0 30 96 42 68 39 72 24 82 65 8 55 80 56 58 74 45 14 60 24 13 98 2 71 12 32 38 81 41 85 36 39 14 58 46 98 63 58 4 98 2 22 53 41 57 5 3 73 7 76
39 34 14 15 30 36 22 21 45 3 82 79 78 15 74 45 0 20 49 40 63 23 73 78 68 15 56 43 98 14 54 59 93 7 89 3 50 60 57 44 44 97 49 68 29 58 2 30 41 80 36 53 66 93 71 60 68 56 30 21 94 70 64 84 97 98 20 0 53 100 14 28 84 47 35 17 29 99 35 54 95 93 59
90 37 76 58 70 42 59 21 4 88 79 55 63 23 36 96 41 34 79 72 53 25 7 92 88 45 77 86 3 68 86 97 95 19 69 56 48 41 41 97 14 46 55 37 2 81 48 45 20 16 67 81 38 79 65 66 33 52 2 28 49 53 6 21 85 63 31 79 39 45 89 22 71 100 20 16 60 38 91 4 95 91 2
28 85 81 55 8 57 28 88 87 29 84 50 95 10 83 38 76 87 57 77 17 86 20 2 31 74 69 76 67 76 83 3 7 38 85 63 8 17 21 35 89 3 35 17 52 38 30 36 19 51 83 26 82 12 85 25 91 24 3 74 53 66 20 34 67 10 94 57 66 75 33 4 99 100 91 79 44 52 96 82 79 25 60
23 69 26 43 58 29 32 43 71 85 14 40 85 61 16 46 78 30 68 16 11 53 15 87 66 29 17 79 53 43 11 73 53 62 33 37 13 97 6 81 58 17 77 68 90 26 44 35 72 6 56 17 70 81 32 12 49 22 68 97 83 79 50 99 9 1 65 81 38 27 60 99 36 13 69 50 59 75 29 44 100 91 96
94 38 29 58 84 99 43 99 95 71 1 31 45 78 46 95 65 45 21 60 21 79 9 96 74 67 61 82 92 79 73 29 90 12 10 100 99 19 60 22 64 95 70 13 93 17 32 7 67 29 40 68 48 0 81 34 20 3 80 64 24 70 44 67 71 90 88 1 48 4 67 38 12 80 90 75 84 1 24 39 38 36 96
41 89 17 52 78 7 20 6 77 41 52 32 17 49 19 42 52 83 68 80 70 77 9 1 78 9 27 50 64 57 82 58 77 77 37 94 32 19 6 70 75 69 87 63 40 12 56 30 41 7 74 34 95 91 100 24 97 20 1 56 100 74 4 20 54 30 61 41 71 27 57 96 53 2 64 88 38 99 48 92 86 1 25
60 86 80 6 95 22 81 97 83 0 3 1 31 27 3 6 67 9 15 62 88 100 33 75 71 24 59 50 29 73 42 1 76 38 53 71 84 72 99 5 40 26 25 83 12 45 37 100 15 42 58 8 31 30 92 74 78 99 35 10 44 25 74 51 88 22 71 97 100 53 76 18 75 34 34 87 73 65 11 5 33 53 88
57 22 61 78 13 70 41 35 60 55 20 57 4 53 66 61 79 48 28 15 44 54 82 80 36 59 47 51 95 78 94 12 15 81 69 70 28 35 10 31 30 2 47 33 29 27 18 71 74 83 6 2 26 16 61 18 12 15 60 19 94 51 97 2 56 78 51 51 63 93 5 33 88 78 37 51 23 75 43 4 46 8 0
70 81 57 50 63 53 31 22 58 96 24 28 29 22 2 81 36 82 17 2 21 95 41 2 56 1 85 82 37 64 0 97 84 1 67 11 24 90 55 68 68 2 19 10 62 2 88 77 53 42 80 10 51 36 60 29 8 72 4 8 25 21 69 93 20 43 81 22 55 37 14 66 97 88 50 24 97 84 93 93 73 80 11
7 25 5 64 84 23 51 76 27 19 11 1 13 98 16 23 72 92 98 87 62 7 8 8 46 60 47 47 87 82 19 19 43 40 99 14 94 82 86 86 98 90 6 83 92 93 59 15 40 46 28 98 60 11 89 97 88 74 17 48 6 71 26 87 7 15 61 10 44 47 28 55 88 57 22 55 35 35 35 2 75 56 8
32 39 31 2 23 62 31 48 93 74 73 44 81 61 73 75 35 33 17 11 67 88 35 73 83 93 29 40 90 96 19 1 17 73 45 55 69 0 20 48 64 28 8 60 58 56 74 12 38 74 63 38 43 79 16 46 51 3 9 48 48 22 23 52 78 92 26 84 93 98 68 9 65 47 11 29 44 25 50 17 11 83 61
56 13 33 60 6 36 17 7 23 35 3 15 7 0 90 29 47 34 28 3 92 38 4 66 16 24 44 60 13 64 38 53 11 8 73 76 73 68 68 23 0 7 32 32 65 56 12 34 93 98 58 49 76 97 95 55 46 49 49 16 47 19 28 12 38 65 96 31 21 81 8 76 42 51 74 13 3 57 36 40 5 0 42
27 56 46 79 88 3 27 22 52 8 54 97 75 18 54 90 24 65 72 17 25 91 29 48 97 81 13 91 10 27 45 18 46 59 29 73 44 49 13 35 92 75 43 95 2 26 38 87 11 16 6 52 56 92 48 82 66 20 94 9 32 51 99 34 53 38 46 52 11 67 66 66 48 18 14 62 74 40 7 48 25 59 60
6 48 8 12 43 100 25 0 50 100 60 22 71 90 12 88 63 61 87 47 32 5 36 65 70 93 75 20 35 15 12 74 81 70 49 62 87 93 98 31 73 48 48 3 20 48 87 93 4 32 79 12 51 42 50 77 83 35 69 13 40 30 25 43 86 55 35 27 100 10 79 11 86 91 68 14 64 61 64 60 51 77 10
19 88 83 3 40 21 85 60 99 9 35 53 69 33 53 77 90 77 31 20 96 16 30 0 84 1 61 94 38 4 9 68 73 50 61 14 55 100 85 53 10 36 27 86 60 31 58 67 25 42 25 54 67 39 52 75 8 35 50 39 93 86 24 24 65 59 0 33 24 78 22 73 10 46 33 3 84 53 17 9 57 68 0
73 49 0 68 47 29 51 0 95 99 2 44 97 76 89 7 26 48 0 78 39 82 72 70 31 21 70 11 40 81 79 6 95 74 62 42 78 34 14 100 22 42 84 44 24 95 76 40 70 100 96 85 71 99 54 44 65 77 31 37 81 83 75 27 86 73 3 17 19 58 40 69 25 82 2 53 11 61 26 9 5 72 54
75 91 80 97 34 26 35 90 60 0 15 22 45 25 17 0 42 1 34 89 4 49 96 50 93 98 73 81 67 65 69 58 11 42 57 52 0 21 1 40 35 100 46 69 95 82 32 27 34 55 76 79 65 35 42 48 82 23 36 12 22 61 95 59 33 21 77 21 45 23 46 95 72 9 18 82 6 8 22 57 45 93 4
88 51 22 49 28 15 94 40 81 87 51 0 82 62 55 56 77 23 76 93 65 82 10 65 80 27 77 62 78 50 84 41 18 67 97 54 11 87 42 22 54 93 100 50 66 14 40 78 100 23 41 25 42 45 52 50 7 92 32 33 54 71 92 52 1 34 67 82 6 66 25 12 29 84 100 1 54 26 96 62 50 24 0
61 77 43 45 35 65 28 77 39 5 62 22 20 62 80 77 41 2 93 35 44 63 95 18 67 3 7 11 9 90 95 6 67 13 47 54 44 36 11 92 75 6 60 0 74 80 76 37 75 98 11 25 75 97 30 51 5 53 57 65 71 59 39 91 0 54 12 82 85 59 53 33 51 2 37 28 92 25 62 35 44 79 74
80 39 12 61 21 100 37 43 48 72 62 55 91 24 87 3 58 44 34 13 58 58 77 83 40 99 43 49 15 76 57 24 100 93 65 64 46 67 45 4 28 21 12 17 68 57 99 33 71 80 74 5 58 58 74 51 27 55 22 11 84 6 19 36 37 95 47 49 81 13 85 16 64 34 89 96 94 84 32 97 29 67 40
39 79 99 88 27 2 61 60 23 5 15 4 36 7 46 86 63 34 63 49 30 47 70 40 56 9 24 90 35 69 97 58 32 29 70 31 52 54 86 90 4 64 24 42 39 54 70 42 30 13 80 76 75 19 70 47 0 19 14 50 27 34 67 12 0 59 43 97 14 89 79 85 34 35 95 56 22 94 36 83 69 74 96
6 32 30 86 64 25 85 80 30 36 17 7 17 80 40 47 31 45 1 26 17 26 34 50 55 64 74 23 96 97 41 87 72 9 5 60 67 28 45 96 69 42 72 57 28 59 43 97 2 37 10 76 64 76 77 38 23 91 74 34 84 21 78 36 23 21 43 49 57 19 86 66 63 8 4 37 91 85 8 54 65 26 78
45 12 20 40 82 84 54 80 22 64 90 24 21 76 74 12 66 47 70 71 71 78 91 86 3 70 11 42 15 83 48 59 50 45 48 84 48 8 12 22 82 8 83 62 26 70 41 24 30 20 33 54 36 100 25 58 58 75 88 44 9 35 95 16 56 15 31 70 68 89 76 12 41 48 8 37 11 67 88 52 45 34 85
30 15 24 42 45 70 40 4 51 45 73 66 72 72 20 83 5 61 33 98 75 91 42 76 63 89 17 30 97 36 43 22 54 21 58 68 89 33 27 10 78 53 52 99 3 53 93 56 62 90 67 22 49 13 59 15 84 53 46 80 86 42 61 83 44 30 34 47 78 55 15 22 40 95 91 89 76 60 8 27 66 92 68
69 42 47 12 79 77 38 67 53 97 51 32 16 96 76 33 99 90 99 87 23 42 50 88 29 28 55 27 89 5 73 73 95 8 58 48 85 0 48 95 17 85 16 54 28 70 33 5 59 70 41 95 12 29 56 57 73 22 92 16 100 15 34 66 23 38 77 14 57 24 55 22 72 15 86 46 51 16 50 74 31 12 11
22 73 87 4 85 45 75 74 3 32 53 91 96 64 10 81 74 87 38 84 66 72 28 70 3 92 31 10 32 40 54 40 89 50 10 22 69 4 77 83 16 94 7 91 14 70 22 30 95 79 19 82 26 3 76 75 33 91 6 81 36 73 37 15 28 70 88 79 21 95 47 17 63 95 37 74 9 35 21 11 63 69 61
38 23 40 30 18 49 39 67 85 47 45 65 40 92 67 73 66 16 82 100 28 32 60 23 62 25 40 78 80 50 42 81 54 97 72 50 49 43 63 60 16 85 71 10 7 94 72 28 28 34 96 45 38 47 29 18 88 14 26 56 35 81 17 68 97 88 58 28 70 50 54 23 78 32 43 46 89 75 55 53 50 18 70
81 22 56 90 95 57 18 58 55 9 57 54 44 88 66 51 60 58 45 95 30 37 43 31 44 0 72 13 33 38 48 77 98 91 7 13 93 83 95 72 67 62 97 8 62 33 37 92 21 56 65 74 70 42 24 60 100 41 58 2 50 26 32 17 68 4 82 45 43 18 44 55 28 59 89 43 100 42 72 60 55 59 4
36 65 27 72 1 80 78 81 29 74 94 58 52 24 76 23 9 62 17 11 53 80 53 51 91 51 61 37 16 15 93 94 89 65 85 91 47 23 60 18 29 44 45 12 13 1 21 99 20 23 46 28 20 60 5 81 24 2 39 55 84 66 15 93 39 28 30 91 62 62 57 24 29 14 8 24 2 60 39 42 64 1 91
44 69 92 28 37 68 29 69 2 100 98 66 25 27 39 53 46 12 61 7 85 5 91 72 58 45 83 21 26 94 10 8 45 63 100 64 22 27 55 94 34 38 31 51 9 10 92 55 45 55 28 69 38 99 12 84 55 80 51 45 2 75 8 58 69 34 40 0 66 13 15 61 98 71 9 57 84 85 17 2 46 48 34
31 41 50 78 87 3 59 1 92 86 52 59 15 9 80 82 18 60 77 85 92 44 49 82 41 28 61 12 17 34 68 50 10 17 2 35 85 1 21 6 13 16 36 74 5 45 13 57 96 38 66 41 23 68 79 66 85 24 94 17 45 48 52 72 29 61 39 16 16 21 7 77 8 99 30 72 37 75 68 41 57 24 88
56 85 31 96 19 0 0 39 28 71 89 74 80 68 78 66 73 38 55 86 33 54 81 74 27 7 87 36 66 1 16 9 70 5 67 4 55 21 17 10 0 82 8 65 4 44 3 75 20 73 26 81 26 19 66 58 63 3 42 77 57 69 92 75 11 45 74 42 7 54 77 66 71 45 67 55 69 27 77 48 18 69 76
29 76 79 98 90 42 26 56 64 90 34 23 73 1 25 15 45 75 69 85 4 18 14 62 3 66 11 67 73 48 65 94 34 93 31 75 50 29 9 82 86 52 57 49 47 93 66 75 36 2 88 67 68 45 60 32 45 30 63 60 12 32 23 1 82 95 86 22 88 59 64 83 7 41 33 28 45 55 35 82 39 25 54
60 24 64 45 47 31 86 74 27 4 96 9 78 31 33 57 25 73 32 74 54 2 71 81 73 71 17 54 48 34 98 99 64 24 93 51 79 28 89 39 58 49 100 99 9 90 48 19 97 99 26 31 43 44 78 60 33 7 53 44 2 78 9 15 53 64 55 81 90 39 78 42 99 86 9 68 90 86 72 37 80 74 9
87 50 71 51 32 15 0 16 24 74 27 88 52 13 69 96 29 33 38 93 35 88 73 40 37 17 76 14 14 78 4 10 21 28 74 12 56 15 100 58 86 47 90 66 68 94 9 21 58 89 95 96 78 26 30 84 13 62 86 76 29 47 93 47 31 80 49 19 50 79 11 2 68 30 59 7 27 89 83 84 92 87 98
73 89 5 97 81 62 27 22 59 98 73 16 51 95 8 30 88 48 42 61 67 5 66 98 62 39 16 95 83 4 80 75 7 87 56 4 7 50 18 94 46 0 31 49 42 27 43 70 16 62 66 31 46 71 66 39 75 81 46 94 79 64 48 81 27 86 53 8 78 77 58 52 79 0 93 79 4 82 84 54 6 59 30
40 43 19 59 87 87 4 24 41 88 70 3 66 39 65 51 18 100 29 25 56 28 28 32 80 35 99 60 67 87 91 54 64 26 56 24 32 57 74 23 99 99 87 57 58 41 97 56 15 71 63 57 4 1 2 41 2 56 97 23 57 56 78 37 74 54 56 80 2 70 26 65 31 95 21 25 41 1 99 95 46 61 25
53 91 31 73 67 44 23 50 100 59 53 15 59 26 23 0 77 74 30 5 4 0 81 71 9 53 52 24 68 86 65 43 28 99 61 26 3 81 16 6 59 62 77 38 51 13 66 68 51 53 80 24 7 21 25 66 41 36 8 34 68 37 15 100 84 10 1 60 56 96 38 55 57 92 16 82 29 42 64 72 45 78 5
55 24 7 83 72 46 31 46 46 70 94 53 92 54 3 57 81 59 65 67 23 22 36 89 45 26 34 24 65 10 89 95 83 2 95 82 25 39 79 94 3 57 7 53 77 11 57 83 88 15 72 17 57 30 31 24 100 36 62 53 0 39 19 26 7 15 57 26 11 77 96 68 4 56 40 57 78 18 14 44 50 68 96
86 67 23 19 41 3 33 26 89 86 91 5 51 20 5 69 69 90 46 28 35 53 2 48 29 19 88 12 90 95 15 1 51 33 70 47 1 40 28 69 73 3 86 9 20 2 64 98 21 94 92 17 57 39 100 22 3 6 83 36 41 65 81 24 17 1 13 57 13 71 82 30 18 46 39 37 77 70 41 53 50 0 40
76 59 73 30 27 6 53 3 32 58 11 81 40 23 97 5 93 12 74 73 37 98 100 30 45 71 78 7 62 61 31 6 29 30 16 83 30 29 83 93 95 94 51 17 44 60 97 91 38 46 48 38 99 17 44 32 96 91 31 88 3 55 48 59 86 60 14 2 27 73 53 55 52 49 31 26 22 66 40 76 34 6 12
63 4 1 80 44 75 36 2 17 15 80 63 25 22 5 22 98 22 6 17 98 88 24 98 58 20 46 90 76 14 22 68 23 18 9 59 84 50 71 22 85 6 43 5 55 60 44 52 74 29 17 85 72 80 54 43 99 49 8 53 100 60 18 60 22 78 92 40 34 54 4 80 5 73 86 20 40 33 46 58 3 65 18
58 47 52 87 79 100 31 98 89 83 30 93 60 69 64 11 23 8 70 4 19 51 31 58 81 53 24 46 72 96 52 0 6 11 0 4 57 38 94 61 62 54 20 27 91 90 83 47 28 26 21 87 8 67 92 49 0 85 80 32 92 14 16 28 27 23 48 36 33 45 68 94 35 42 54 14 30 19 56 75 67 86 100
46 24 73 10 66 56 17 97 18 73 99 51 57 95 40 95 64 68 92 31 83 69 61 52 40 48 35 19 72 91 66 69 3 0 66 77 72 39 49 40 93 16 19 29 64 48 44 80 92 67 85 100 41 25 78 4 44 83 84 52 75 94 6 44 20 11 19 66 18 14 29 23 22 89 91 78 8 89 28 89 74 90 50
65 78 43 74 84 46 87 87 1 67 67 29 26 2 94 85 31 8 31 29 1 0 29 39 82 96 48 4 16 54 99 57 51 7 26 5 37 68 100 51 53 28 78 33 68 61 100 61 85 45 1 46 96 80 42 6 84 15 4 97 23 7 18 44 57 61 89 56 48 12 94 58 39 43 1 65 25 10 100 7 9 9 31
42 60 4 90 78 18 39 86 88 89 20 8 16 41 61 50 0 74 43 30 52 100 75 75 30 75 40 18 3 77 44 51 39 34 45 54 47 41 21 96 7 62 76 44 4 36 20 81 31 38 42 4 43 87 40 99 49 97 37 22 99 37 28 82 75 43 10 67 9 30 60 8 57 1 100 62 31 73 61 8 81 29 46
69 30 18 50 47 49 49 100 5 43 13 90 49 97 61 83 67 29 33 94 73 23 52 2 7 2 92 44 98 83 55 13 1 87 67 37 62 54 54 35 15 80 14 62 42 75 83 13 35 8 26 12 61 0 98 38 100 68 72 68 56 46 64 20 22 69 9 44 3 2 73 43 61 22 53 27 76 48 20 37 51 7 42
57 89 4 89 91 58 13 69 56 13 39 85 71 32 67 73 4 60 17 11 33 77 42 35 43 72 20 54 41 97 66 78 88 71 1 45 71 70 79 62 68 5 39 77 26 44 4 73 83 100 50 41 85 95 76 23 24 29 68 59 78 32 75 15 10 38 11 40 30 42 12 22 24 75 98 82 67 36 49 73 68 44 31
82 80 78 67 82 94 94 33 99 45 61 61 39 70 84 52 64 65 70 48 9 18 3 98 94 66 39 80 78 37 92 42 51 89 100 74 96 54 14 29 84 82 25 47 36 87 80 90 23 76 89 65 77 41 56 51 39 67 23 61 83 36 69 48 39 31 61 78 80 86 15 50 92 68 44 28 41 55 28 84 68 67 48
12 48 69 58 61 15 27 57 24 62 41 21 37 72 83 13 95 56 36 65 2 51 42 86 43 31 39 1 81 22 55 0 63 53 81 29 94 91 52 86 83 24 24 72 2 14 59 93 52 16 99 8 82 95 2 7 55 47 28 8 81 64 22 93 2 26 46 2 69 70 99 53 68 11 76 66 63 64 28 17 17 30 59
99 73 61 19 6 37 87 90 33 69 68 57 34 11 97 77 57 32 98 53 81 77 8 63 46 40 27 25 1 19 25 22 13 7 25 35 41 99 31 20 83 24 80 85 27 94 50 83 87 8 68 6 38 1 29 8 100 76 30 30 76 65 18 10 99 17 12 34 12 55 2 32 63 100 50 62 72 55 0 34 77 1 32
13 25 55 99 91 84 93 92 95 13 87 91 65 36 46 30 54 65 89 59 49 63 65 43 57 24 86 31 89 84 41 58 83 88 26 16 57 26 96 52 2 57 33 34 57 19 57 26 39 94 19 62 42 41 30 86 77 23 36 34 78 77 100 76 64 42 17 7 2 57 74 16 63 100 77 50 73 81 32 92 43 89 85
29 99 88 90 16 87 80 70 93 51 60 54 45 27 43 6 13 3 92 53 48 60 35 63 100 3 48 72 51 33 26 69 69 51 95 32 37 13 70 14 76 50 26 81 71 95 8 58 91 29 3 24 94 70 32 12 37 26 84 72 39 82 46 72 27 16 21 2 100 60 21 63 80 72 10 91 3 56 37 13 12 81 89
22 26 40 24 9 47 47 62 0 40 64 6 2 61 81 32 97 90 23 28 25 27 54 58 64 49 66 38 85 90 83 10 17 28 77 36 42 49 28 91 28 57 7 13 96 0 4 92 78 49 14 62 69 37 99 18 42 58 81 48 16 71 24 63 82 21 8 24 80 94 58 6 64 28 50 93 66 73 95 36 70 2 36
49 32 74 76 3 8 32 85 15 58 80 84 3 8 98 21 20 46 82 44 64 95 69 43 21 72 77 42 0 49 26 84 44 79 68 49 91 71 24 68 80 6 48 56 47 37 82 94 90 70 87 48 83 22 44 72 54 29 22 4 10 32 48 67 19 33 85 83 99 9 64 29 81 8 100 68 33 74 28 90 67 40 5
9 58 72 61 7 75 70 36 25 91 21 19 68 3 1 18 64 41 18 98 77 41 43 85 21 4 76 26 16 16 68 94 21 87 65 2 60 15 31 45 98 47 40 19 64 35 11 64 47 43 35 94 88 44 2 37 0 63 65 31 49 69 63 82 83 14 71 42 45 21 78 34 100 54 89 83 54 25 88 20 100 25 87
6 72 60 72 70 22 37 68 22 69 81 74 80 2 52 0 77 71 16 36 35 4 14 61 68 3 78 77 91 66 93 60 13 3 7 85 22 93 64 38 37 17 44 72 54 19 63 64 35 61 98 54 88 39 18 53 1 59 35 87 17 92 91 39 5 84 42 76 11 15 38 79 9 4 69 17 70 94 27 43 4 49 71
91 94 64 89 20 37 5 74 57 16 74 45 1 28 18 82 47 94 36 80 77 27 35 55 29 46 53 7 4 50 22 55 23 11 70 66 72 99 48 15 38 75 91 96 42 6 9 90 62 64 10 50 73 74 37 9 78 8 59 73 84 83 46 57 3 81 88 71 98 17 64 1 99 97 26 48 50 8 20 98 75 6 78
73 16 44 76 59 67 35 73 43 97 13 41 20 79 11 54 48 70 97 77 63 28 21 25 8 48 4 10 73 98 99 54 12 58 56 5 72 34 59 70 7 38 83 79 20 94 56 64 66 81 84 19 60 76 68 8 65 40 45 100 42 73 62 9 80 20 89 25 65 53 63 54 55 30 8 57 74 43 79 65 30 14 35
35 9 75 26 46 34 79 86 63 5 2 22 65 18 63 39 6 29 41 38 66 82 27 15 9 63 8 82 97 47 55 21 19 23 87 5 89 78 57 0 39 88 92 68 51 65 5 40 13 93 12 45 32 55 87 74 93 48 99 8 34 0 54 4 63 59 15 79 95 86 76 81 31 66 45 98 4 16 98 26 71 57 59
78 76 55 74 18 90 17 62 28 8 42 54 22 70 35 64 97 4 15 78 34 45 59 61 67 79 14 30 10 63 11 86 44 73 87 69 29 56 58 88 83 49 29 83 8 60 31 65 38 23 27 50 48 63 3 3 17 17 99 84 15 67 8 10 77 72 61 67 90 35 40 75 78 22 34 31 87 69 55 12 94 54 72
7 12 92 13 22 7 2 98 36 64 17 44 68 12 30 37 88 64 65 69 62 79 50 18 6 36 60 22 54 92 36 2 46 26 75 70 41 63 86 76 31 16 24 23 44 9 8 20 46 95 17 15 76 98 52 72 79 10 99 78 43 57 36 18 82 22 21 20 95 60 72 73 58 17 15 68 69 56 72 42 63 57 43
4 75 61 72 2 30 71 74 89 44 14 36 32 16 61 21 79 35 97 63 85 45 75 97 24 23 24 62 43 14 48 63 77 95 6 91 98 96 66 10 68 39 65 36 28 79 17 32 27 72 86 10 23 74 64 33 95 56 68 43 65 62 52 26 67 14 22 94 25 20 32 51 93 78 0 45 48 55 68 97 21 90 86
11 55 94 24 73 85 87 30 36 82 24 78 2 86 84 6 94 96 17 92 56 99 53 80 4 16 6 47 36 63 8 42 38 54 36 92 2 48 18 89 98 52 18 83 27 29 30 57 77 15 55 15 90 56 80 13 32 72 23 40 22 83 11 8 7 31 54 50 34 60 60 73 45 60 10 31 29 71 20 18 57 32 97
100 99 41 51 17 57 93 56 23 34 9 64 70 45 21 73 36 1 83 32 16 87 12 39 2 18 76 9 53 68 73 81 93 34 12 43 61 58 55 15 17 49 26 80 100 12 81 10 25 85 41 18 65 28 3 89 98 28 27 23 22 65 52 5 24 98 7 4 67 39 70 48 41 34 23 34 27 5 78 60 30 70 42
67 38 49 52 95 6 49 26 96 85 62 7 91 23 54 58 8 26 1 26 16 93 14 58 31 78 26 57 56 53 47 21 80 43 40 37 22 90 1 6 44 3 48 21 61 6 51 82 44 100 26 81 98 24 41 7 93 44 6 62 27 86 95 36 49 43 25 12 73 25 64 40 87 24 58 84 52 2 12 33 13 90 61
39 0 28 89 4 96 25 0 67 71 9 34 44 62 91 51 3 72 17 28 67 20 46 45 95 75 76 29 76 99 93 7 47 65 21 5 7 78 42 21 71 99 37 96 4 90 23 45 92 99 4 7 23 33 17 11 49 27 20 13 61 46 57 82 0 97 92 29 80 81 20 78 45 11 53 4 75 70 97 91 51 98 87
58 8 26 3 7 31 71 100 70 89 10 37 45 99 46 37 31 43 45 33 90 46 100 95 2 94 65 16 69 41 93 81 31 22 94 11 91 26 41 23 10 1 11 46 95 3 26 78 15 43 23 77 67 61 39 96 22 57 65 24 57 95 6 5 11 91 39 91 64 0 55 19 15 66 81 47 95 94 42 63 67 39 50
40 40 37 36 69 3 39 97 75 77 83 14 97 43 34 89 22 58 94 79 41 16 16 10 11 16 27 29 0 14 17 28 73 20 13 79 83 46 96 87 43 85 94 42 58 52 5 32 59 74 15 89 35 77 49 75 78 88 17 41 17 89 99 51 28 92 31 10 36 0 15 54 85 3 94 94 67 82 89 49 3 100 98
100 94 79 45 73 24 70 11 95 63 73 40 88 95 8 17 55 84 32 74 49 38 84 58 75 89 99 60 90 88 83 61 25 83 83 76 42 58 31 5 43 92 66 11 0 86 87 39 100 31 9 50 88 88 80 58 58 66 24 34 17 34 5 47 4 47 18 80 57 44 45 21 46 10 36 62 73 48 18 58 44 2 33
59 95 58 71 65 27 78 47 89 40 10 77 62 100 65 66 8 16 60 33 67 40 55 30 43 10 53 72 100 24 79 59 91 38 76 69 42 13 60 42 86 91 25 75 39 62 49 77 63 29 4 0 1 90 94 50 39 92 54 6 95 73 24 44 97 42 7 69 50 54 21 16 96 41 59 95 17 51 45 88 37 9 40
45 48 22 86 33 48 66 2 24 8 46 97 64 99 5 61 50 19 75 70 56 41 92 68 53 94 41 83 28 38 46 61 10 73 44 82 10 6 98 36 48 83 92 28 94 11 76 43 73 97 9 79 10 54 88 12 46 5 51 79 47 1 27 20 45 33 15 73 60 93 62 58 61 54 75 53 85 97 93 61 35 39 68
12 26 11 16 31 6 61 44 50 72 56 70 57 89 11 43 46 14 35 20 55 86 54 77 67 41 44 41 62 78 57 58 47 54 78 7 52 61 97 97 99 39 96 52 15 88 13 30 56 23 73 64 44 30 18 98 54 14 18 17 79 64 85 82 82 68 39 77 25 28 27 92 65 37 94 18 95 70 63 52 53 48 83
13 60 91 59 89 60 3 3 47 45 24 21 40 34 8 13 74 2 95 89 72 13 49 81 20 42 60 84 2 32 30 55 52 97 77 34 33 51 18 95 48 45 68 77 20 100 40 43 29 7 28 95 22 75 89 10 7 42 47 19 13 3 98 71 23 59 35 42 13 65 9 12 34 76 89 20 39 28 27 81 2 40 94
76 48 98 50 9 39 88 71 87 4 89 66 33 57 44 60 91 56 81 28 40 81 37 33 39 4 56 65 83 89 24 64 11 90 1 19 2 27 79 83 33 16 33 71 2 26 78 59 36 75 72 48 55 49 52 61 7 26 25 61 26 82 46 71 31 8 77 81 23 96 33 10 16 30 66 7 48 80 17 60 10 14 67
29 12 80 91 70 51 55 27 81 89 50 38 66 83 93 83 65 35 67 2 46 49 36 95 84 4 39 43 95 48 7 93 51 67 5 91 69 78 43 23 26 98 80 83 91 61 73 91 93 52 48 3 5 57 27 98 71 65 82 30 90 66 29 11 98 66 79 4 71 71 5 54 3 56 56 83 4 41 31 42 51 43 8
34 23 94 59 53 17 1 4 2 40 37 7 39 33 71 7 35 82 47 72 100 90 71 47 44 69 100 83 91 83 6 54 7 11 100 46 81 11 95 79 72 67 38 34 100 6 60 81 13 47 80 78 56 47 22 83 44 45 31 61 73 68 68 95 4 13 17 43 7 60 0 49 98 88 31 66 92 57 88 52 21 48 16
4 31 56 39 89 44 4 34 25 14 17 42 2 51 26 26 29 39 85 100 11 21 78 76 7 30 50 61 70 0 11 90 84 50 27 51 83 6 60 98 49 96 80 25 65 73 86 22 5 51 13 83 21 89 32 95 90 33 15 72 35 35 36 49 12 49 23 60 99 39 9 86 5 89 79 18 77 57 2 42 100 53 19
22 7 78 66 17 78 3 35 50 57 72 57 68 92 44 33 63 63 17 59 87 30 65 76 28 91 9 26 56 50 55 7 5 59 1 74 14 99 38 11 2 42 98 30 90 35 21 38 61 68 98 51 8 18 26 34 90 69 76 47 65 57 30 89 92 8 33 23 32 73 65 83 93 28 79 49 74 35 85 93 31 98 55
94 19 33 75 77 80 68 19 86 35 21 92 33 29 40 88 78 70 30 79 99 80 20 51 33 75 58 9 81 24 80 13 11 45 69 80 79 36 89 96 93 31 70 33 92 33 72 37 3 33 74 69 79 86 11 92 85 12 25 0 62 51 79 95 18 70 27 12 62 100 56 61 67 49 44 57 84 79 62 1 24 78 30
28 54 50 46 65 96 30 46 45 5 28 18 93 30 21 2 69 12 6 69 46 94 37 5 48 94 77 14 43 13 73 82 5 69 8 64 31 4 45 85 8 67 48 25 65 8 58 17 70 1 3 33 45 90 71 96 47 31 99 56 66 3 79 19 26 25 38 85 92 73 97 10 5 8 54 32 89 19 35 17 93 72 98
40 87 100 27 45 59 91 28 59 77 17 51 18 1 80 22 14 20 60 62 29 60 73 85 69 25 36 44 13 46 68 87 56 41 20 49 75 47 85 85 21 66 49 78 97 87 33 5 12 61 51 16 17 19 21 86 11 6 43 83 24 60 74 99 22 58 40 22 51 20 96 87 83 18 57 93 91 15 21 6 73 21 37
80 26 62 48 81 99 14 87 64 67 30 5 13 10 99 86 80 32 41 58 7 66 46 90 25 0 93 0 86 54 6 44 5 25 1 80 71 39 56 33 61 25 89 55 58 27 26 89 44 53 20 66 65 15 0 3 0 56 33 14 48 84 46 56 8 88 48 29 98 79 42 28 48 15 6 94 57 51 90 56 73 31 92
74 49 4 11 73 57 4 46 16 34 45 34 64 63 80 26 89 29 57 83 21 45 24 72 93 27 89 42 68 35 57 59 67 75 68 12 66 90 4 65 90 100 75 88 1 98 90 62 76 34 46 46 40 62 44 39 10 86 55 76 11 1 2 81 21 67 2 17 79 67 92 80 25 1 59 42 92 27 17 84 42 96 24
87 65 2 28 75 61 33 87 16 31 25 60 55 31 17 18 93 89 15 56 14 12 53 69 75 70 15 65 45 49 84 1 25 50 62 47 6 28 29 17 52 82 28 56 82 37 67 59 57 95 74 13 1 25 8 5 50 24 25 77 4 65 31 79 8 80 35 14 39 88 67 77 94 52 30 21 21 60 78 88 54 43 35
47 52 65 73 78 19 50 69 55 54 77 32 1 24 4 0 87 68 45 1 7 63 36 97 8 84 45 18 71 20 14 54 49 46 9 75 69 70 5 91 73 5 46 13 12 57 6 37 1 20 25 81 75 17 11 61 0 91 26 92 40 82 20 24 68 47 86 99 46 24 93 3 80 14 72 57 70 47 0 59 26 89 86
0 37 76 21 53 75 13 6 16 44 97 54 64 29 4 69 44 66 74 5 69 89 58 82 14 60 12 64 1 28 9 35 63 68 61 0 100 35 27 66 21 14 47 54 13 99 67 7 43 64 67 45 60 82 8 46 22 0 20 10 7 85 94 48 57 39 75 26 0 67 60 25 6 98 53 48 98 91 31 17 2 56 64
