29 41
81 26 74 6 41 39 52 72 58 72 31 99 18 75 71 80 5 86 14 77 61 87 92 76 22 93 12 72 3 59 93 94 31 67 46 17 43 45 77 20 83
46 70 55 55 68 19 21 54 10 88 21 67 52 43 84 95 52 13 8 55 13 30 69 31 87 80 77 0 4 43 93 50 31 22 7 43 28 38 49 78 80
12 100 21 83 10 20 3 60 73 90 71 6 15 26 42 83 5 3 7 69 44 17 52 89 22 60 31 13 58 2 80 51 69 55 1 24 64 34 68 50 75
19 74 22 61 34 66 51 30 18 2 88 41 2 91 19 84 17 85 4 91 100 22 54 61 88 78 85 90 30 24 16 67 60 11 62 16 5 74 32 81 86
62 74 53 69 92 53 100 61 55 63 45 0 19 42 53 51 54 72 26 65 41 48 40 76 53 71 59 4 93 89 96 97 39 48 81 90 90 14 48 66 57
19 66 24 77 56 28 18 28 1 25 34 6 69 63 20 90 81 63 42 13 81 16 88 29 93 69 34 8 27 44 93 56 70 40 32 88 17 62 45 88 39
13 60 92 16 33 71 65 34 74 84 73 65 75 99 27 53 81 71 48 40 15 80 46 76 43 45 21 93 89 19 3 63 76 4 41 13 39 44 29 34 53
74 43 98 49 6 81 18 75 80 37 20 31 36 10 17 96 66 29 11 66 18 77 42 38 3 76 74 15 59 30 73 32 43 36 92 97 31 84 97 40 82
82 5 52 69 51 63 100 33 72 83 33 20 37 61 80 58 67 100 77 11 28 36 87 19 93 40 79 80 12 53 0 78 2 79 53 52 97 85 29 47 48
20 51 15 0 17 27 76 61 70 44 83 39 25 49 14 58 22 87 35 39 58 79 38 6 40 81 38 84 65 94 66 38 53 33 21 39 78 74 17 67 45
52 90 72 99 43 59 6 58 86 23 40 51 96 29 12 70 16 28 45 39 45 70 44 75 75 48 43 50 25 15 41 35 14 50 42 8 94 78 40 39 95
66 11 8 64 39 91 66 50 35 63 11 98 66 40 51 70 17 26 48 40 17 77 90 20 34 67 92 28 27 62 58 4 40 35 53 39 86 35 0 81 40
23 81 39 18 23 92 1 8 18 99 62 23 51 63 87 65 86 20 72 19 59 32 38 46 88 1 29 83 13 28 31 13 3 6 99 61 0 70 41 20 5
89 74 76 91 36 38 42 61 15 85 23 59 47 0 98 49 5 34 96 26 19 83 44 65 85 27 34 30 34 5 78 17 9 27 72 41 38 39 38 55 7
40 65 69 54 11 94 57 33 3 13 5 77 30 16 5 54 94 63 34 51 43 40 35 58 8 19 79 85 54 67 36 74 46 61 38 76 72 64 86 23 66
40 49 92 82 95 84 49 13 45 53 32 21 18 95 11 12 97 15 48 7 78 93 87 72 59 44 60 97 26 77 64 22 46 5 8 68 93 97 76 18 18
7 40 50 63 89 46 53 9 75 61 74 12 93 77 93 27 52 94 89 42 88 80 98 21 10 32 1 9 24 58 56 37 27 51 44 39 81 20 19 39 31
59 96 50 47 0 92 59 63 96 73 38 16 37 80 74 17 75 88 83 97 28 55 52 79 95 27 76 74 3 35 97 44 53 59 28 33 18 37 53 77 42
54 98 78 21 82 35 28 44 78 19 100 91 59 95 4 39 14 60 64 9 1 92 49 73 12 38 98 6 75 9 28 22 95 40 5 17 79 24 22 91 77
88 30 90 65 0 35 2 92 23 29 89 63 58 10 13 25 29 72 46 69 57 9 94 57 52 91 61 89 96 78 80 43 11 21 8 36 14 37 88 25 97
87 30 36 55 5 62 60 69 64 97 63 65 82 89 8 13 100 2 32 70 0 5 17 92 63 80 20 21 100 79 81 24 39 6 0 91 19 90 12 100 7
27 100 45 29 23 34 51 61 29 70 88 23 29 63 83 69 79 14 100 81 56 30 19 75 69 30 80 57 9 71 30 63 60 90 56 26 90 82 81 66 46
33 51 90 89 20 100 93 44 95 42 57 28 74 29 73 41 58 96 8 78 37 93 68 19 71 75 48 78 75 39 36 88 56 52 32 79 35 83 3 87 23
79 21 95 27 26 45 79 47 83 51 27 38 82 99 71 69 34 62 43 88 13 76 5 12 54 92 17 60 37 78 84 39 88 87 59 24 17 34 95 7 3
52 58 54 16 51 43 62 9 2 4 12 15 62 100 22 59 50 71 45 0 70 96 25 75 42 69 14 56 15 30 62 25 67 97 9 62 62 27 71 27 11
87 47 30 75 45 9 24 16 15 21 40 91 87 78 96 22 78 96 89 62 57 24 49 2 73 92 28 12 16 1 14 49 33 96 62 87 12 42 46 98 83
15 32 11 51 32 39 8 10 22 63 63 72 6 9 29 78 8 99 92 19 25 85 1 2 13 72 87 13 84 68 81 93 83 28 68 33 30 46 24 40 19
17 8 5 75 77 85 89 84 16 13 64 67 82 99 40 94 41 12 97 35 24 48 26 80 16 89 80 0 37 2 1 94 1 77 40 35 52 35 18 63 4
63 52 18 53 87 67 94 63 35 8 97 62 76 6 78 17 69 53 65 25 15 39 7 72 87 73 23 80 58 2 62 44 87 40 18 39 25 82 78 67 55
