86 51
46 51 82 90 37 25 36 50 59 20 8 94 95 90 26 55 25 0 55 28 97 43 5 39 69 8 99 57 66 79 87 58 37 22 95 72 77 4 60 85 88 0 70 78 80 10 50 27 6 59 51
95 86 57 33 14 49 11 49 86 29 22 52 44 68 26 17 42 77 20 19 87 52 54 86 45 0 56 59 1 34 34 25 36 81 15 53 59 71 26 9 83 32 84 24 74 3 14 38 53 100 99
7 21 15 2 98 13 48 6 0 46 83 79 5 62 11 15 36 75 10 47 53 50 32 59 92 22 47 87 18 85 55 18 49 37 62 42 24 88 9 3 76 18 36 15 16 58 88 91 45 100 7
80 72 44 35 58 17 28 52 27 74 72 77 36 100 52 37 2 31 100 68 70 41 3 72 74 38 73 32 3 80 82 87 94 83 87 73 25 100 87 86 62 48 57 1 40 11 39 44 9 23 49
45 31 98 36 35 83 94 23 24 23 50 85 96 26 69 67 14 70 74 42 28 50 89 86 73 44 21 34 16 26 51 85 91 78 25 56 78 50 12 20 65 54 8 89 53 23 73 90 29 47 52
32 26 56 57 73 50 99 72 46 10 86 55 77 27 81 39 39 53 98 36 90 30 41 18 93 43 5 80 47 36 33 7 48 9 96 21 19 72 67 80 48 28 10 28 59 34 38 99 76 80 33
31 82 9 29 63 1 98 47 52 85 12 29 59 93 73 48 10 43 4 33 4 70 28 22 79 62 72 75 32 85 70 82 36 92 94 10 80 58 88 0 84 97 54 85 14 83 62 62 39 59 43
68 93 75 1 79 20 93 24 98 94 88 87 34 81 73 72 100 100 71 42 53 79 97 100 33 72 97 4 76 97 74 46 74 23 59 7 52 65 30 29 98 29 52 58 57 13 24 96 67 37 13
9 76 100 17 2 84 31 100 54 70 58 48 19 38 77 95 98 63 34 91 70 87 93 58 38 72 20 60 98 85 41 8 80 17 94 9 35 7 67 74 19 45 38 8 32 47 8 22 72 94 74
36 96 96 33 83 99 90 28 56 61 15 71 60 24 89 39 27 45 70 61 52 80 95 29 81 63 41 95 40 61 28 17 22 14 12 37 6 38 70 37 9 68 56 65 62 66 32 34 38 28 61
22 86 38 95 49 10 24 12 55 46 22 75 31 29 51 20 15 100 75 80 54 29 50 43 53 67 64 0 81 4 4 66 34 86 38 32 68 87 66 98 24 77 4 2 67 99 84 85 88 33 35
45 52 57 85 100 69 74 54 17 52 90 16 38 13 12 30 74 100 98 87 68 2 79 1 54 83 16 4 99 44 6 94 85 80 51 88 45 75 39 15 69 20 97 21 18 26 8 8 55 69 31
68 17 11 59 77 85 84 11 9 24 64 60 64 69 38 39 67 63 17 81 54 24 55 4 26 7 37 95 15 96 44 26 40 20 32 90 23 9 71 37 96 4 43 44 94 4 12 43 6 91 72
85 53 72 5 61 3 56 53 81 20 7 75 91 73 68 29 23 23 62 66 15 100 89 92 48 71 68 5 69 76 31 60 70 65 29 29 55 100 30 9 59 20 61 77 4 99 83 91 98 89 55
61 63 39 33 97 65 10 22 47 98 4 10 47 9 27 46 33 5 14 3 29 24 36 98 37 46 93 81 60 15 30 60 49 100 44 9 86 10 7 42 25 44 40 8 26 63 98 67 60 74 85
49 25 88 48 59 36 45 78 42 31 46 78 57 22 98 34 74 32 33 49 59 7 94 45 22 75 0 15 86 27 79 100 30 98 49 40 10 24 44 76 54 48 100 52 44 47 32 15 80 69 79
94 42 81 47 30 86 2 39 95 92 95 81 77 47 48 2 19 68 10 11 57 66 12 69 36 28 40 7 61 55 31 53 93 74 63 81 50 77 11 100 66 88 12 54 15 65 82 57 5 14 87
83 56 1 71 80 66 3 75 87 16 25 64 73 22 73 31 88 73 40 56 88 85 84 35 2 68 91 86 54 78 58 61 47 11 41 35 54 26 8 78 25 78 65 40 87 28 95 31 55 67 76
35 14 3 81 12 58 85 17 16 84 3 58 87 69 86 76 22 36 40 10 11 26 39 34 98 100 32 37 41 14 3 78 6 67 1 45 11 90 41 85 35 34 49 0 21 54 36 7 17 64 63
82 25 28 31 4 60 58 41 18 10 22 37 48 25 35 79 16 100 6 92 79 2 98 74 41 57 63 67 85 62 32 99 43 42 70 21 29 57 50 55 16 79 56 98 48 2 5 62 97 83 38
52 35 70 74 49 100 75 63 21 54 79 72 78 21 4 59 82 70 66 82 95 22 69 4 100 70 58 31 0 21 78 71 98 16 25 49 42 60 34 71 100 33 27 4 35 79 16 60 32 61 27
5 11 90 97 82 77 88 10 52 87 29 67 57 0 94 76 1 74 98 12 14 77 5 87 88 20 36 63 3 66 34 68 41 52 92 94 13 17 57 55 59 40 17 85 25 2 18 21 56 19 94
7 0 37 4 31 18 99 34 21 41 12 68 71 30 92 98 85 77 86 6 32 22 76 67 51 89 62 62 2 5 46 73 34 5 61 5 90 63 88 25 18 24 38 99 74 91 35 51 8 77 43
92 61 9 82 95 40 6 67 57 63 38 34 20 39 42 13 71 60 81 79 35 65 32 87 4 19 78 63 25 76 9 21 84 19 17 1 87 61 91 77 76 83 12 71 56 92 65 81 58 38 84
78 37 9 96 0 90 67 27 82 70 34 73 79 54 67 38 21 63 26 46 21 47 61 47 45 74 58 66 8 85 49 22 61 10 89 0 68 78 88 87 10 90 90 22 43 68 30 8 82 28 39
41 37 22 65 97 35 94 84 54 42 74 16 56 68 71 93 41 4 11 30 37 22 16 11 88 37 17 93 60 14 56 52 34 71 74 3 63 61 30 89 7 71 83 91 19 86 100 22 10 4 94
98 66 51 23 9 45 52 49 11 37 25 91 100 26 6 29 49 74 54 66 80 83 20 88 30 81 53 23 68 40 86 34 41 64 42 35 72 49 3 64 36 5 11 30 21 53 40 93 83 29 90
89 83 62 24 51 27 97 19 70 31 11 10 46 57 23 35 47 37 77 35 43 50 90 77 98 7 81 24 84 22 20 2 29 33 50 68 71 40 47 92 53 71 28 23 1 1 33 74 74 71 76
37 16 56 33 9 22 54 77 84 69 54 84 48 72 75 1 87 18 10 48 84 97 28 68 3 67 45 40 76 54 28 49 72 85 16 98 15 84 91 72 23 100 86 78 28 66 100 66 64 70 30
29 36 63 48 38 14 81 50 67 53 96 68 12 1 58 16 2 47 53 15 88 80 76 54 27 46 86 73 68 20 97 64 99 11 60 20 95 36 86 26 99 11 19 87 38 18 90 22 22 43 79
53 92 74 98 56 49 28 0 49 76 4 85 76 76 7 60 92 82 35 100 65 81 30 43 43 76 9 68 11 20 51 86 69 95 39 35 27 94 17 59 100 51 53 17 45 28 96 24 75 4 0
51 95 58 95 44 46 59 13 69 16 27 57 46 67 83 56 31 97 74 58 19 40 71 15 9 62 24 30 88 89 5 71 94 82 8 36 91 44 64 47 64 54 28 97 72 87 72 99 92 74 12
53 97 88 8 63 1 36 96 15 55 64 73 64 21 55 89 49 71 95 52 80 90 45 50 55 71 97 2 65 84 66 89 82 35 1 47 9 49 7 84 96 45 43 16 1 61 25 32 59 19 49
93 44 77 9 52 88 93 88 32 90 9 75 59 48 92 42 33 87 44 80 12 39 13 69 57 87 97 67 62 86 92 77 68 69 33 99 29 71 7 78 66 74 74 88 49 58 46 46 63 23 93
27 66 36 53 43 96 50 12 63 11 82 24 5 64 89 96 67 68 81 24 72 15 8 41 57 71 80 13 21 9 36 97 45 54 41 51 78 70 20 73 90 28 45 41 66 5 53 11 42 34 89
44 80 1 69 30 55 92 53 83 23 14 89 41 84 91 93 31 90 0 88 34 20 46 59 15 38 24 86 98 81 43 24 37 69 39 29 79 46 42 23 89 93 66 82 6 21 11 57 78 93 56
76 90 55 30 11 14 92 36 67 77 54 35 6 95 93 3 10 91 59 1 77 61 5 9 97 2 64 39 65 49 56 8 84 31 24 59 14 56 17 8 23 38 46 73 48 71 66 54 7 55 64
26 2 29 42 58 41 76 72 30 36 92 93 32 77 1 86 48 85 52 54 39 41 43 94 75 33 76 17 51 77 39 80 3 85 37 55 36 23 60 43 52 97 9 23 62 14 79 100 74 12 17
90 32 66 76 12 6 94 27 18 41 24 89 46 70 23 84 3 54 42 75 67 72 43 23 32 96 46 4 11 72 46 25 64 0 2 22 6 59 18 48 83 40 52 6 8 82 83 10 98 69 7
17 4 54 68 72 61 49 15 62 84 23 45 34 52 4 5 42 33 59 74 20 42 99 49 98 3 80 89 18 30 82 82 17 2 89 33 19 0 78 47 55 60 51 42 50 52 61 79 84 27 99
52 1 53 28 30 6 64 47 43 69 68 57 49 73 9 91 61 77 57 23 26 34 5 86 40 9 1 18 89 72 68 30 30 50 39 71 99 80 17 4 24 33 40 32 71 71 64 64 100 73 6
73 79 85 72 43 66 68 85 79 57 65 80 93 7 47 59 64 26 19 74 68 59 50 83 76 30 98 1 86 71 67 34 41 83 0 31 36 45 15 18 29 96 45 19 76 25 95 2 84 82 91
90 35 99 39 42 4 35 41 74 51 53 36 17 100 41 93 77 81 50 94 15 58 53 73 30 28 68 34 10 15 4 32 43 48 17 53 11 55 15 15 46 92 49 44 91 3 21 30 53 97 45
83 66 72 69 75 44 37 46 64 24 3 13 95 75 43 36 62 75 9 52 46 74 58 41 9 46 35 42 53 24 47 15 45 45 25 71 52 89 18 77 30 7 20 5 73 66 25 46 93 96 64
55 0 5 30 91 9 47 49 45 0 86 7 34 34 11 32 0 6 30 100 1 32 9 26 64 20 27 9 37 34 7 0 26 45 30 75 100 67 4 10 82 31 11 45 75 63 25 35 28 74 55
39 80 74 24 60 55 85 93 46 95 68 99 19 70 25 92 100 51 26 19 67 74 76 50 18 53 42 19 4 26 56 64 34 34 20 21 17 37 42 45 87 35 45 21 83 83 78 38 17 93 46
45 91 50 31 9 34 54 27 55 52 38 81 26 71 61 92 64 38 65 19 55 18 100 98 53 58 58 45 23 34 18 82 86 93 62 70 34 9 26 38 99 45 8 75 37 97 81 18 24 16 3
8 99 5 0 20 16 7 18 22 51 68 84 9 5 52 67 89 94 45 92 66 65 54 14 1 99 76 93 75 73 11 44 67 30 74 17 9 19 10 89 13 55 33 31 47 89 86 98 79 47 44
6 82 59 69 34 69 21 86 27 42 31 38 24 47 75 42 30 43 59 2 33 88 2 59 43 54 30 68 42 88 98 48 60 68 58 77 99 25 31 70 78 62 16 70 48 57 50 98 39 15 61
85 84 74 9 31 33 67 13 11 24 9 38 17 49 41 58 60 71 61 76 30 24 66 66 16 23 12 58 50 21 43 99 2 68 50 55 67 47 74 49 27 100 67 33 14 31 85 16 37 27 89
30 15 30 43 54 17 16 64 89 19 73 89 43 18 37 87 24 18 7 36 55 2 44 59 67 14 16 82 80 17 38 97 65 66 52 49 99 28 28 37 76 96 48 2 0 88 25 43 82 8 6
17 1 80 12 71 8 72 36 91 80 100 24 2 28 91 21 80 10 58 35 93 40 70 64 86 35 51 6 99 29 16 39 99 14 12 17 33 18 68 44 48 17 21 29 82 27 33 78 13 72 94
4 30 77 36 18 84 31 16 52 30 54 68 34 29 65 51 95 58 89 38 41 65 32 85 78 47 89 37 59 19 32 8 22 69 44 40 33 22 94 13 35 81 21 42 26 2 10 54 0 42 9
77 25 40 87 93 1 17 12 43 42 67 4 3 99 75 18 20 25 13 49 58 50 18 94 40 33 1 98 79 0 12 81 77 68 96 40 92 41 79 91 47 85 27 91 33 40 52 47 32 88 98
88 91 95 45 76 52 85 7 29 95 99 49 35 49 42 87 94 34 11 37 13 36 47 78 18 81 98 60 76 79 37 21 95 76 9 18 28 63 28 98 28 54 55 55 46 35 67 75 13 16 56
31 69 24 67 38 5 16 50 80 55 53 67 87 30 66 50 16 11 51 5 9 17 46 26 37 71 95 36 52 57 6 36 93 49 14 18 51 76 44 19 36 46 25 41 43 47 14 41 52 67 34
63 28 75 4 53 97 78 77 77 20 42 40 75 62 84 28 64 42 58 71 19 77 16 19 62 10 92 22 32 21 81 42 42 10 53 79 2 66 42 57 64 66 73 3 87 99 50 81 16 39 26
30 58 55 94 6 22 63 20 45 44 61 32 96 75 85 66 80 87 62 27 98 38 27 3 69 24 57 29 11 31 23 6 74 63 7 72 90 79 70 53 89 29 65 77 52 90 4 34 25 44 5
75 79 65 100 94 59 46 31 3 44 30 20 1 98 37 67 88 85 93 10 97 73 67 80 63 13 55 75 2 40 37 97 0 19 41 99 83 38 0 12 14 18 8 41 81 92 91 5 6 56 56
74 43 86 42 30 37 53 85 90 77 82 24 6 31 5 85 57 87 90 7 31 39 2 26 82 61 40 42 38 91 80 7 85 55 22 2 37 73 90 86 79 66 81 59 73 4 57 33 55 89 46
35 71 77 67 75 90 8 58 70 65 13 40 88 22 0 21 24 34 11 29 79 17 54 92 3 18 16 52 44 73 57 50 28 27 52 82 34 68 11 8 6 3 76 41 28 6 89 40 87 1 54
25 18 28 4 51 13 71 38 81 53 15 23 63 57 48 100 60 9 57 94 59 71 16 100 85 43 28 18 49 71 25 68 0 66 77 76 92 33 11 82 40 33 19 14 34 27 68 21 2 41 71
55 73 38 13 29 90 35 62 93 67 82 86 44 23 62 100 60 100 64 42 44 61 55 7 40 72 75 15 72 43 75 71 49 58 93 36 85 97 26 45 22 96 97 60 19 25 96 18 29 33 100
40 47 22 54 79 4 42 87 7 1 10 92 83 33 47 46 56 10 67 100 24 60 20 31 99 53 34 30 28 92 49 48 41 35 67 43 65 64 89 86 15 75 19 25 22 67 90 88 26 79 39
23 27 73 56 72 59 53 46 53 56 20 50 82 61 18 20 90 22 76 52 71 13 99 96 65 84 64 70 0 81 8 19 87 30 98 71 39 27 0 86 79 31 14 6 82 33 6 79 100 21 49
15 61 86 9 96 53 46 81 69 12 52 63 16 47 98 54 58 67 80 34 5 2 7 2 31 7 53 78 62 100 53 88 47 15 43 98 48 34 1 94 60 47 10 58 0 86 51 98 18 76 92
10 92 93 63 7 91 21 45 31 62 78 54 38 16 92 13 82 48 9 15 44 97 16 84 46 47 66 48 48 10 22 99 94 8 10 26 87 30 17 43 2 25 77 49 97 11 54 33 41 62 40
40 38 36 40 25 35 71 93 90 62 30 76 27 93 39 77 0 96 99 20 45 15 38 35 28 52 31 35 33 75 62 68 24 53 62 76 32 71 52 95 98 15 53 97 38 93 21 57 29 13 98
42 84 58 53 0 81 49 40 18 55 80 52 3 64 78 8 63 90 62 71 2 93 14 24 27 1 13 6 45 81 17 59 77 97 12 54 87 30 18 8 79 87 57 8 83 19 42 53 37 76 53
7 76 74 25 66 72 50 76 2 53 56 68 49 71 71 21 65 53 76 58 14 89 49 25 58 9 52 25 40 31 18 7 27 51 23 68 61 37 80 25 33 99 71 9 46 48 48 3 61 78 6
89 93 14 65 31 55 76 99 78 37 3 46 87 76 10 97 25 75 92 56 52 38 93 55 47 98 99 33 17 98 36 58 29 62 99 27 64 2 52 95 91 78 88 26 14 29 43 22 55 3 33
75 98 13 59 58 52 16 50 39 91 88 89 31 41 73 96 87 69 51 48 90 4 3 0 25 47 96 72 28 41 89 56 9 15 7 0 39 38 48 82 84 40 60 4 93 23 48 16 68 93 60
95 82 0 72 48 43 72 78 6 17 4 97 70 3 81 45 58 16 85 1 6 48 1 42 97 27 48 49 62 22 52 37 3 95 58 80 3 64 38 0 37 90 62 16 57 3 34 53 61 52 37
93 67 32 30 32 28 31 88 93 18 77 27 6 84 74 69 8 44 3 83 96 9 57 81 79 5 70 56 83 71 67 81 33 21 91 93 16 87 12 85 14 30 24 63 10 17 4 17 5 19 45
63 17 43 89 6 35 85 90 45 30 79 83 0 97 53 9 39 2 55 92 13 46 96 21 63 37 23 87 14 1 1 46 60 65 42 88 3 79 89 61 83 56 90 41 4 13 23 24 92 46 13
43 69 58 84 63 62 78 37 40 91 53 96 46 42 27 83 74 78 5 63 25 41 97 65 31 99 16 68 36 80 35 84 3 14 39 4 80 43 33 47 16 70 92 92 42 20 100 93 33 73 68
48 16 79 34 23 50 58 77 67 85 5 8 100 79 9 60 1 93 74 18 94 11 29 67 12 24 41 30 45 99 15 38 34 50 14 40 36 33 6 94 62 22 51 12 9 26 78 78 3 66 46
67 42 74 84 63 62 52 99 91 93 57 88 4 20 31 16 25 0 57 78 98 72 73 7 98 29 33 67 40 76 73 3 85 100 1 70 56 65 90 33 63 88 24 72 89 39 0 15 83 17 94
82 32 27 97 22 81 42 85 18 80 94 99 78 23 100 2 25 78 84 67 45 72 11 76 2 94 45 26 85 88 10 20 47 35 60 91 9 28 85 10 70 69 21 74 3 8 54 18 55 4 32
87 43 98 53 15 39 5 60 84 47 59 47 74 50 12 96 52 23 27 0 13 96 5 60 97 9 51 60 94 26 72 78 1 50 49 57 64 98 77 87 26 20 37 47 87 86 12 54 68 68 4
93 72 25 91 85 74 1 3 70 4 78 98 88 17 50 38 95 17 45 95 36 41 90 24 17 18 14 44 100 29 32 54 93 93 13 28 40 53 26 84 39 62 54 70 9 63 38 38 56 38 93
93 0 46 64 66 19 52 5 50 83 17 62 47 83 17 16 13 65 39 21 35 93 93 18 35 30 7 93 69 72 62 30 55 63 88 85 21 54 86 23 96 60 79 58 67 0 69 27 48 29 18
16 0 87 84 47 17 51 96 14 21 4 95 6 74 64 97 38 57 75 84 65 67 58 8 31 49 37 34 13 16 76 96 6 33 88 71 6 81 54 13 18 81 49 60 84 53 19 88 80 79 82
36 94 15 59 18 78 0 23 89 62 22 69 22 28 0 94 93 32 53 46 8 95 30 54 17 68 2 70 1 54 78 81 60 16 66 60 55 34 92 19 85 66 53 30 81 3 44 60 78 7 56
57 73 97 22 15 94 62 17 50 34 69 46 69 16 37 70 60 19 45 51 85 84 56 5 71 49 16 20 28 44 34 14 57 29 0 54 20 92 88 26 87 12 38 66 22 96 20 80 96 79 3
24 47 96 70 94 3 93 29 78 7 76 85 47 4 46 95 57 14 40 51 21 46 8 1 77 0 18 40 37 38 37 60 80 46 36 51 2 39 44 32 82 72 15 42 84 15 27 73 100 90 51
