41 9
8 59 41 98 74 94 18 63 66
71 70 63 5 71 6 54 42 28
61 17 92 48 16 27 24 16 62
76 65 51 39 9 0 82 8 91
75 83 48 50 9 47 3 6 83
18 33 24 17 82 52 85 1 72
54 76 59 70 89 70 80 38 63
52 73 28 45 40 3 23 51 26
4 30 58 45 54 63 23 37 71
97 65 53 66 52 10 80 45 92
82 67 93 79 39 48 94 73 87
87 50 35 57 64 43 72 99 61
38 74 28 63 50 24 36 3 77
100 86 100 80 16 98 47 98 3
95 0 59 5 17 2 4 95 36
97 63 58 4 37 43 39 44 4
43 12 84 81 14 13 27 45 88
23 9 66 75 37 30 82 69 12
35 95 33 19 98 37 23 28 96
31 39 54 67 68 50 65 87 98
48 76 25 8 4 81 54 56 88
20 91 53 86 12 64 46 24 5
28 9 45 54 21 68 23 44 24
1 30 88 20 88 88 72 22 62
26 73 95 77 75 91 33 71 55
74 8 23 33 17 92 73 48 86
91 71 2 0 92 90 6 5 78
98 11 31 95 93 73 58 5 21
89 87 27 46 83 3 22 48 97
100 17 71 78 22 76 81 3 39
40 67 19 14 54 25 0 100 23
59 13 59 35 8 99 25 35 76
49 72 100 55 38 33 6 13 5
94 24 41 12 46 88 7 12 88
77 9 77 31 86 34 82 72 77
19 84 44 23 42 32 100 42 3
44 35 88 14 14 78 54 61 49
60 81 34 4 90 69 61 83 91
89 89 78 94 26 98 45 9 49
67 69 75 49 18 73 26 42 62
85 9 2 46 25 60 65 34 71
