33 18
94 96 73 93 70 22 98 81 16 53 53 48 68 65 99 41 30 64
62 59 87 81 55 47 17 78 41 94 67 7 72 59 50 10 67 58
42 42 52 62 70 99 99 83 64 44 5 67 96 94 1 94 33 14
0 69 54 97 27 70 63 2 20 49 22 96 44 82 100 5 17 97
14 75 52 71 40 96 33 81 68 80 16 57 28 65 81 4 61 58
58 14 37 17 84 41 74 95 33 94 24 64 4 17 91 94 4 52
50 90 46 29 2 85 32 29 75 78 82 37 82 10 18 25 19 65
1 69 59 86 59 80 29 86 69 68 66 42 77 38 96 54 19 26
86 11 70 76 63 54 29 63 90 96 51 6 8 92 72 7 84 38
85 4 35 52 61 73 54 66 46 63 47 35 87 18 25 23 5 7
44 16 2 19 80 38 1 88 83 100 94 1 89 93 12 89 43 22
48 72 74 53 78 61 10 77 84 6 62 65 37 98 47 96 9 23
53 48 31 86 46 14 38 46 36 72 2 91 81 71 34 92 52 51
22 64 81 54 57 13 30 70 48 51 54 45 39 30 91 95 8 46
23 55 62 9 84 68 77 55 82 35 22 66 53 31 14 19 50 45
97 33 61 85 98 63 48 66 31 1 0 61 97 14 22 24 88 28
80 63 43 42 17 73 25 95 8 24 15 10 73 3 52 67 21 46
87 71 56 79 77 12 31 64 14 2 11 15 24 57 89 87 39 48
71 24 34 83 100 4 73 4 29 49 89 61 61 94 92 74 69 94
72 35 67 35 19 72 65 83 33 66 60 30 35 85 67 34 74 81
60 87 25 81 36 49 99 72 57 6 22 83 7 3 31 31 52 86
65 69 25 63 20 38 4 24 7 43 43 27 88 17 69 79 54 43
22 60 30 94 3 79 65 80 47 83 95 73 91 65 0 12 47 80
11 53 17 96 65 54 25 89 63 23 81 16 97 39 23 17 92 43
72 27 38 19 89 2 13 85 82 73 76 100 91 50 88 30 50 87
71 47 68 3 97 79 45 35 99 7 35 79 77 10 29 27 40 59
57 25 7 47 80 30 22 98 56 4 22 33 62 39 0 54 18 31
42 10 91 77 63 20 68 88 73 50 34 3 27 43 21 93 16 2
85 59 32 10 95 16 40 15 11 66 8 6 55 97 81 48 60 18
11 70 58 68 48 2 51 59 82 80 19 97 90 22 61 48 60 1
52 94 10 38 64 74 62 100 64 17 68 61 0 87 94 7 84 2
74 25 0 80 97 53 74 29 35 12 42 49 70 82 59 96 39 1
10 78 6 60 23 92 81 66 92 12 85 44 0 43 7 48 93 84
