85 20
29 28 85 0 74 79 77 47 75 84 90 55 73 4 98 22 11 49 21 11
82 69 100 25 50 68 72 34 94 16 46 17 11 7 67 71 48 88 23 74
12 6 23 0 32 12 32 100 49 15 57 100 3 66 19 73 66 74 78 89
92 88 68 24 96 31 37 11 93 90 27 90 100 96 83 72 61 20 24 54
23 84 47 66 35 37 16 31 56 83 34 55 40 6 73 19 93 78 12 45
65 98 12 72 83 97 81 45 3 17 11 8 40 33 74 71 74 52 52 90
28 53 90 32 67 5 61 68 3 94 61 13 64 14 51 19 20 65 28 28
80 20 93 89 69 63 39 65 50 42 81 22 7 13 27 39 2 16 9 12
47 57 70 12 38 63 66 64 85 2 3 50 61 85 4 43 35 42 47 81
60 84 96 36 49 77 52 33 92 69 81 1 18 1 30 46 54 11 77 55
62 62 10 100 66 43 36 85 83 46 37 67 23 25 48 3 1 33 3 64
22 7 8 61 72 44 27 29 81 3 93 1 32 10 56 72 51 82 12 82
73 90 88 68 31 35 25 39 60 14 27 5 67 23 17 18 71 6 52 52
58 48 62 57 52 18 84 67 81 23 77 69 69 68 25 55 71 8 4 91
53 75 29 27 67 41 61 26 44 83 7 24 32 68 32 84 70 22 99 91
13 29 10 92 86 33 80 19 82 59 19 70 65 96 64 100 7 96 25 60
3 45 31 72 39 91 35 86 13 22 63 44 52 81 87 47 39 59 9 15
40 45 9 38 50 95 1 80 66 1 31 60 23 81 63 82 62 12 7 85
13 33 32 42 97 88 5 64 13 3 12 91 19 89 80 73 41 91 43 51
35 15 95 23 97 65 45 81 6 68 76 85 55 22 8 17 87 50 98 74
76 90 88 98 100 38 13 49 48 33 98 43 37 25 54 18 2 81 93 13
42 50 31 11 33 3 20 31 29 96 51 24 41 4 5 16 12 28 58 41
4 19 38 35 84 18 37 47 70 46 2 19 3 79 80 29 93 59 45 18
19 66 41 44 11 29 44 81 24 48 100 98 78 24 91 91 100 32 73 69
78 59 83 27 46 9 80 72 32 29 69 30 28 51 69 95 52 34 81 82
9 65 37 28 77 6 3 44 26 49 90 32 62 26 91 66 4 20 4 89
49 87 29 67 16 56 89 18 80 55 44 67 81 38 45 37 18 75 52 24
34 97 24 57 22 13 9 88 36 30 44 25 5 62 16 1 69 59 1 70
58 37 19 34 54 12 37 75 47 70 76 39 71 88 16 12 22 3 12 97
65 75 11 23 34 1 43 36 15 9 18 54 15 62 67 51 25 49 97 43
34 10 76 97 80 78 18 38 92 81 8 20 15 17 90 25 10 31 74 50
6 89 42 71 82 5 62 83 42 100 5 2 1 11 83 78 9 55 90 22
50 28 51 87 9 86 48 86 76 35 33 58 8 28 7 27 6 72 13 60
12 2 96 5 94 49 50 96 96 3 4 76 55 55 20 83 62 3 76 28
67 38 92 21 11 46 12 8 22 41 73 54 89 32 60 30 8 86 46 32
97 75 73 38 53 34 32 46 55 34 41 23 56 64 86 82 22 52 45 89
3 93 64 78 30 3 85 56 35 70 29 97 65 92 73 63 24 89 25 23
74 11 70 8 16 24 82 53 73 38 24 55 51 93 63 70 26 73 47 88
48 7 37 86 60 33 76 47 95 0 11 38 12 32 36 58 44 33 89 32
73 66 93 20 52 31 96 21 34 3 52 33 37 26 8 69 15 56 11 97
30 7 15 77 47 31 74 0 10 46 90 66 90 62 24 87 5 31 24 95
18 100 9 97 34 92 84 54 2 0 2 15 8 90 83 17 38 13 96 54
12 19 91 89 18 34 12 99 57 12 13 82 90 92 99 0 50 7 76 8
76 42 37 81 32 9 80 26 96 64 1 42 18 21 46 89 86 83 42 50
32 97 98 87 6 75 42 41 27 26 4 97 12 95 13 44 74 60 60 100
63 79 66 10 98 75 95 71 31 6 43 85 7 9 4 67 47 22 40 14
68 43 61 9 39 67 85 19 72 88 0 85 70 7 18 87 47 69 48 39
96 78 92 51 8 69 1 13 78 95 40 33 23 4 22 86 26 31 6 12
47 43 90 25 25 97 32 63 3 95 75 0 84 22 40 17 53 23 19 35
11 3 64 50 45 48 84 81 85 34 23 41 35 33 85 0 35 98 21 12
45 80 36 73 42 55 39 83 50 42 17 35 78 94 45 0 24 90 59 97
13 88 51 24 44 33 8 96 59 37 40 51 8 96 74 55 50 97 76 90
17 73 7 98 16 60 13 29 6 81 89 94 40 65 48 79 49 6 67 19
72 31 11 35 0 48 73 95 51 84 18 85 52 49 40 97 24 54 30 59
15 45 96 46 14 48 40 9 46 15 61 35 39 51 70 15 65 21 82 10
13 72 57 33 0 50 27 59 40 29 27 25 72 24 57 34 37 85 42 58
64 1 84 26 32 7 100 97 6 56 45 93 5 53 33 75 59 78 71 23
75 17 53 38 65 31 19 89 90 92 77 6 80 13 62 57 33 29 73 63
67 28 96 9 14 49 35 23 94 91 81 65 37 42 32 55 36 16 63 69
41 20 95 3 25 25 52 50 28 83 46 1 62 68 63 26 50 34 68 7
87 87 90 48 51 53 49 61 67 13 85 95 12 68 77 24 15 9 44 16
31 7 30 37 85 61 6 55 10 5 45 64 39 43 85 73 64 15 7 59
53 24 62 72 91 93 80 57 33 90 75 37 51 36 30 46 56 67 71 50
96 6 9 17 98 26 61 19 59 66 25 71 30 37 78 38 58 37 99 71
55 39 56 100 86 0 94 91 77 95 17 19 86 14 51 37 73 2 74 1
52 1 82 91 98 15 87 87 43 46 20 24 27 57 73 1 47 6 65 47
76 69 97 31 92 68 97 44 74 82 47 88 71 96 12 14 9 35 60 76
21 53 6 94 22 64 11 21 48 54 21 10 48 33 45 5 3 15 88 51
14 95 70 50 59 68 10 44 70 60 47 81 8 13 97 0 100 60 61 99
81 15 16 0 33 65 77 99 32 35 33 99 51 1 83 75 65 13 22 62
4 2 9 26 94 51 53 65 40 18 78 3 3 44 25 8 99 20 82 82
53 83 70 61 40 49 26 63 79 75 40 12 68 60 74 47 58 92 73 89
84 30 82 99 14 83 17 6 89 4 94 67 8 74 85 51 39 26 59 17
95 10 44 86 4 67 18 18 87 31 95 80 38 31 74 30 97 42 77 67
52 0 86 79 25 33 20 21 0 19 75 94 99 60 47 89 3 4 9 71
18 36 63 53 51 95 15 85 83 88 7 54 40 34 100 1 3 17 27 82
24 53 49 22 12 85 85 88 35 67 72 33 61 88 20 41 59 72 8 86
19 70 79 97 85 17 31 65 1 44 63 76 89 18 100 57 90 1 54 61
28 53 43 21 94 84 16 19 18 6 78 58 5 74 21 38 100 85 77 79
96 65 61 34 55 53 58 13 98 51 44 34 9 19 96 44 77 100 18 28
9 47 51 82 28 91 0 61 17 2 25 24 1 50 31 65 43 76 8 75
3 51 68 41 3 27 76 66 66 23 27 8 11 9 4 38 38 85 54 43
57 72 59 86 21 82 10 13 96 27 43 58 22 91 22 52 0 5 60 48
6 56 84 38 72 89 92 98 22 17 41 42 61 89 94 97 62 56 13 83
66 4 41 29 29 11 93 26 59 33 55 50 35 19 89 91 34 13 17 44
