74 42
32 70 71 48 51 14 9 73 21 69 99 1 33 58 67 90 25 8 85 16 65 97 15 1 8 63 50 47 61 11 76 31 28 68 89 48 44 54 10 11 78 70
16 50 44 71 72 69 1 66 48 72 55 86 10 43 82 63 90 35 61 34 27 18 82 85 61 99 64 6 48 97 77 50 43 62 54 76 9 20 99 47 53 68
21 81 4 58 15 68 88 6 59 63 48 88 6 70 40 38 100 100 3 17 44 61 33 88 90 79 89 45 33 97 94 45 4 44 11 52 13 17 57 25 68 42
57 28 35 11 9 30 88 13 21 62 41 22 98 80 52 21 94 67 100 51 18 70 14 59 46 28 88 7 59 40 74 7 18 3 60 18 48 43 22 56 31 93
52 97 22 47 81 23 0 16 72 44 25 31 30 20 40 59 64 83 91 69 49 38 87 20 7 51 39 63 35 91 73 90 27 99 12 86 75 62 92 41 2 21
46 84 63 41 74 77 8 82 80 67 16 63 27 64 44 67 17 43 1 50 79 54 89 78 93 61 38 8 45 92 3 86 69 36 61 50 81 85 59 78 50 70
35 0 60 45 78 68 99 37 47 3 57 88 80 76 84 83 18 44 97 51 99 68 32 25 15 5 15 82 41 6 50 27 3 71 24 2 57 13 57 58 79 56
41 4 3 48 50 10 23 96 94 90 99 56 93 24 44 19 91 80 19 53 81 12 42 90 54 20 45 50 19 14 21 67 66 12 12 91 92 22 81 67 29 90
3 23 62 16 50 85 100 5 60 34 36 22 37 21 6 46 67 82 77 50 45 30 53 23 88 72 64 80 10 93 1 79 10 16 39 52 95 15 67 3 35 63
67 35 77 17 70 69 78 84 28 14 28 88 89 89 6 54 70 89 9 99 71 5 40 13 22 95 75 21 35 60 60 90 88 78 76 4 49 45 12 92 93 60
8 39 64 42 42 67 3 15 26 18 28 78 45 81 87 4 44 97 68 91 16 32 91 6 37 99 85 43 88 34 32 30 61 53 36 6 57 82 39 35 94 21
50 34 25 83 64 80 63 83 82 16 41 29 25 17 44 82 15 70 47 77 24 80 83 74 40 66 99 28 87 77 92 25 2 49 2 52 5 92 81 58 50 5
28 2 46 88 14 41 97 45 97 85 6 36 48 57 10 32 80 43 16 41 62 27 78 82 20 92 32 0 87 83 2 32 96 86 61 95 55 62 65 50 52 41
92 69 19 67 85 72 60 14 50 100 9 27 90 100 31 69 20 65 87 65 90 82 49 85 34 20 22 27 20 77 79 35 62 2 73 35 80 23 78 22 92 84
32 58 96 78 99 55 34 97 52 49 67 9 96 0 5 77 41 69 27 78 89 80 2 29 38 50 81 11 85 98 93 5 91 46 83 58 59 72 87 11 35 27
53 62 69 30 69 99 12 81 45 71 2 9 14 73 72 10 63 70 89 28 62 95 65 22 18 64 23 79 68 0 83 30 85 18 69 85 44 72 83 90 62 46
38 40 73 58 76 51 54 13 77 18 96 89 8 78 23 35 21 23 13 74 81 9 16 66 100 22 53 22 95 34 76 77 46 0 30 81 77 31 25 61 50 15
73 65 14 40 70 37 93 22 17 9 34 25 48 2 37 92 53 46 53 1 29 91 90 31 36 80 80 57 38 25 53 0 36 83 73 61 43 90 93 94 16 41
57 0 40 42 68 96 6 39 99 36 95 18 7 8 6 95 46 3 83 93 7 70 72 84 81 96 62 45 27 19 25 28 82 31 44 82 61 52 27 47 37 23
97 32 33 19 8 46 23 68 88 10 72 30 25 32 39 6 77 23 67 74 36 59 93 93 27 44 28 31 39 18 89 38 50 21 73 45 65 42 19 93 55 44
36 34 29 23 52 83 71 54 29 98 5 21 57 24 23 12 13 42 75 79 67 72 72 89 98 42 32 2 20 86 25 26 73 13 9 70 26 96 75 57 47 26
59 87 18 75 85 28 1 95 7 42 4 29 2 35 66 78 3 99 90 34 6 89 27 67 67 39 50 41 90 96 96 84 96 86 87 48 95 62 72 85 45 38
41 3 7 82 20 28 57 61 70 17 94 54 34 99 78 92 3 50 72 21 52 1 19 35 42 50 50 90 94 98 48 7 8 18 78 85 21 22 58 71 76 50
20 4 100 4 38 63 100 90 4 78 54 30 43 1 33 87 37 1 45 62 65 53 5 68 47 39 5 89 14 48 67 21 0 73 67 5 42 49 25 55 54 21
89 42 13 75 7 76 35 85 43 4 26 11 89 95 52 45 79 78 48 36 73 22 31 33 14 96 46 37 65 60 46 96 9 43 57 26 55 8 100 24 86 22
15 36 26 22 69 40 20 73 71 32 88 16 32 29 97 91 35 40 46 27 61 81 49 39 65 97 75 7 93 98 25 25 6 11 14 48 46 36 48 85 0 77
86 64 54 24 78 32 54 60 38 6 31 52 77 90 43 47 13 92 50 4 32 79 5 40 33 0 50 70 13 31 72 33 30 91 59 32 10 30 93 95 4 8
96 15 17 78 79 55 60 19 95 48 78 51 91 29 100 85 37 63 58 23 16 96 67 14 68 58 1 13 3 90 18 64 87 61 54 98 65 95 48 70 66 91
82 77 11 67 59 8 98 92 59 92 39 29 82 6 55 45 85 85 57 78 45 64 85 40 15 93 5 60 35 49 96 89 30 99 17 98 2 59 47 20 99 25
29 85 12 28 91 100 42 64 41 4 48 48 76 62 85 52 60 3 40 59 71 91 36 75 68 89 66 35 73 57 99 65 2 32 82 52 14 87 68 81 27 70
18 59 47 49 83 50 7 0 9 45 22 65 63 34 95 72 53 14 80 65 13 15 29 65 55 31 99 18 51 24 87 12 55 57 30 59 96 86 11 52 69 79
70 83 93 30 17 94 75 12 13 37 73 58 100 22 59 85 8 10 24 83 4 30 8 6 80 67 91 49 84 5 76 77 63 74 26 65 18 99 84 87 77 64
54 55 17 35 67 86 90 55 1 0 78 76 30 54 66 93 49 28 28 44 84 64 4 30 82 80 83 70 15 16 65 92 39 74 13 37 91 65 75 81 68 86
75 68 76 86 59 77 40 72 27 70 54 14 93 69 70 49 46 30 72 69 66 96 10 29 100 10 94 69 79 39 63 59 36 90 40 70 60 100 17 17 95 60
76 64 77 72 94 41 97 3 82 59 66 77 26 96 90 10 10 16 81 12 19 82 30 97 96 85 85 48 41 35 90 12 97 4 97 65 24 6 57 60 85 57
44 49 18 71 48 10 98 13 44 57 54 33 90 37 44 5 85 52 95 42 39 75 56 31 20 89 17 23 84 39 30 93 35 31 38 45 79 65 75 80 56 56
82 20 54 76 15 20 38 57 6 57 46 47 7 84 13 16 67 74 65 47 34 6 6 91 34 67 21 24 2 32 39 37 55 11 99 82 64 60 43 13 90 71
39 44 12 95 84 37 6 33 58 97 41 35 33 62 82 48 37 55 92 91 39 34 95 64 72 35 40 95 70 43 41 65 90 74 78 85 72 50 18 1 72 97
46 60 55 97 15 73 99 96 85 18 79 10 45 36 49 89 98 23 80 75 78 85 31 30 97 48 75 71 94 21 67 4 9 18 23 23 48 72 48 78 87 8
84 59 75 32 86 26 97 28 32 64 81 54 38 93 14 13 7 22 7 97 41 1 58 0 32 75 86 72 36 56 66 63 49 60 62 52 30 45 49 73 48 44
82 4 22 59 21 96 98 86 18 59 55 2 58 18 17 9 74 16 95 87 21 79 85 44 54 22 11 8 15 14 37 5 95 62 97 6 100 79 73 41 70 49
62 84 30 33 55 14 54 99 24 18 65 95 56 1 73 35 38 64 95 30 5 44 55 71 100 75 33 83 10 63 10 33 85 55 33 58 10 10 51 89 28 2
76 23 95 69 28 20 81 22 0 8 14 99 4 11 23 94 60 90 99 12 84 65 55 62 27 26 18 79 41 13 32 85 74 79 48 49 3 99 65 18 29 95
28 39 28 26 35 96 81 93 87 40 24 60 80 14 2 49 49 39 55 4 61 47 98 31 99 42 4 11 10 0 0 88 28 64 40 100 5 18 25 94 45 25
85 83 46 67 84 90 79 52 92 59 99 36 99 9 21 1 39 11 39 57 88 75 17 12 64 67 73 42 68 49 69 4 31 81 92 57 60 12 38 37 22 36
58 99 60 29 4 85 34 87 54 26 73 13 55 20 81 46 65 58 87 65 33 29 98 28 31 73 84 79 42 42 98 51 9 60 68 9 87 47 38 69 34 36
57 38 40 80 33 36 64 99 76 43 14 24 97 73 37 79 9 40 7 31 29 77 9 36 11 66 3 56 37 85 37 99 96 62 9 12 80 81 69 72 68 10
82 7 1 9 76 50 79 80 88 73 82 77 28 69 76 52 12 88 88 37 66 97 74 64 27 46 88 88 18 23 30 95 33 16 95 0 31 15 33 12 37 86
63 35 96 51 20 71 68 92 41 44 16 18 99 2 50 85 73 81 28 93 77 82 34 24 62 71 98 0 28 25 40 72 10 93 87 70 13 79 19 66 28 85
44 19 22 42 19 5 10 47 63 35 46 72 65 81 7 20 23 54 24 85 94 74 78 18 11 2 45 1 76 67 47 65 62 3 5 55 16 54 94 36 3 68
0 45 82 11 83 84 5 89 26 74 100 33 9 94 32 25 52 91 22 74 10 88 11 87 93 43 48 48 76 87 27 99 55 98 69 64 84 70 48 20 20 77
84 2 43 85 9 59 66 16 95 78 14 37 51 31 8 94 11 46 67 8 59 15 67 36 99 25 62 51 19 56 53 51 79 99 2 72 19 99 82 27 98 22
66 0 95 44 9 5 40 4 33 72 68 15 27 83 41 16 91 24 96 60 66 92 22 99 4 35 94 33 55 79 28 94 89 78 54 36 29 13 95 89 76 25
90 73 51 92 7 91 98 34 97 27 63 50 79 6 42 79 14 43 13 9 2 67 7 56 50 79 71 18 33 32 91 74 55 47 4 71 21 46 53 92 100 61
99 12 63 71 95 38 27 24 24 100 8 82 100 100 51 8 79 58 32 7 54 43 63 5 95 81 35 2 64 54 9 15 0 49 34 80 55 11 41 99 62 43
6 49 53 86 17 32 18 96 68 56 68 4 58 38 80 50 84 98 99 24 33 65 53 5 63 58 54 30 1 42 30 34 5 3 62 37 8 55 94 0 48 23
89 26 98 30 68 89 3 86 80 59 26 81 91 2 51 95 100 36 80 100 62 36 41 33 11 50 2 44 61 74 87 37 20 74 22 74 7 80 48 24 18 82
3 14 82 82 57 1 32 83 93 65 67 89 16 31 23 54 10 98 99 8 52 27 69 97 92 60 60 24 98 51 82 99 63 77 47 7 45 10 82 25 67 14
6 7 61 63 98 94 25 68 38 53 46 47 91 27 54 41 43 99 76 95 30 72 48 35 12 1 86 87 72 88 0 45 55 38 13 41 22 14 61 94 89 7
16 24 97 25 12 9 52 45 97 74 34 98 14 15 7 58 56 99 30 63 63 65 92 73 35 28 56 97 64 55 63 36 47 21 100 93 84 92 67 70 87 0
87 49 33 15 34 16 57 64 19 47 59 80 60 57 41 61 72 43 94 26 37 35 91 63 55 26 50 86 63 71 46 69 68 53 95 54 86 0 30 4 8 48
79 87 72 33 57 36 36 19 1 48 38 0 40 74 60 46 40 80 72 13 50 62 62 17 39 10 89 24 55 80 61 59 59 98 59 50 58 38 2 97 9 74
13 40 6 23 18 18 12 18 72 55 77 64 15 37 59 39 99 57 21 21 51 92 26 3 99 41 31 47 42 96 27 20 54 86 93 89 7 91 70 58 49 23
96 84 2 91 80 83 45 83 4 26 98 93 77 40 50 15 38 96 37 46 5 83 73 73 31 89 53 23 62 82 19 5 34 53 22 4 57 23 26 69 9 1
23 13 78 48 11 95 9 84 99 49 60 39 100 22 30 78 95 75 34 3 56 14 29 19 94 78 38 64 56 66 5 69 52 82 22 6 81 92 5 56 57 20
29 33 72 66 11 55 55 80 14 99 74 73 34 84 40 65 59 61 88 69 78 67 84 37 33 72 96 21 35 52 11 31 82 75 49 78 4 49 2 32 61 89
76 90 26 30 5 45 46 78 97 71 35 47 61 8 59 82 72 59 35 60 4 75 100 33 89 4 98 58 86 41 8 83 86 13 44 55 16 43 68 22 76 67
86 95 11 13 24 44 18 32 73 83 46 49 69 28 51 80 30 89 40 20 68 26 31 85 17 68 95 8 10 98 77 69 80 3 65 56 41 24 28 49 95 52
38 49 5 2 16 14 46 13 51 99 33 7 24 20 87 44 86 57 11 26 75 95 63 90 21 16 86 54 88 54 30 47 67 18 53 56 38 77 51 22 7 43
51 2 29 62 96 1 13 45 1 10 59 41 86 20 16 40 56 16 56 60 14 32 66 62 4 33 37 14 85 90 5 25 34 39 20 68 16 64 45 83 46 54
93 37 79 93 35 100 76 70 77 30 100 29 75 10 63 13 33 73 23 9 7 59 85 18 89 54 23 0 86 76 11 6 38 9 16 83 94 42 61 98 54 64
69 32 52 82 19 39 41 61 69 66 87 35 26 95 84 36 63 88 1 14 87 94 38 51 84 72 20 0 15 0 58 58 56 44 18 29 16 30 92 57 28 4
88 87 45 14 0 29 19 66 63 22 77 60 12 10 100 64 2 14 70 28 45 46 22 93 2 0 2 20 13 48 83 54 21 100 16 18 75 18 79 83 80 54
83 63 74 56 36 96 56 49 18 99 95 44 14 87 9 4 70 33 81 34 98 25 14 47 2 15 4 19 43 49 34 74 44 76 64 71 16 71 17 56 100 78
