57 40
99 68 98 12 45 49 91 65 6 33 94 14 70 81 13 0 51 43 20 92 79 12 38 62 63 66 39 10 42 34 36 80 23 80 80 11 33 20 40 37
42 33 25 39 68 66 69 34 32 98 61 94 15 100 76 27 38 53 1 60 89 83 14 5 19 76 55 14 76 8 72 2 12 79 83 66 87 5 79 64
58 39 0 72 0 38 12 24 82 65 12 43 26 31 7 76 72 22 14 27 23 11 31 92 31 48 28 62 72 26 8 95 96 21 59 4 3 12 5 5
70 65 79 84 53 82 85 13 89 74 71 5 74 5 23 26 11 68 29 47 8 62 19 81 61 69 57 54 53 49 36 34 21 27 50 77 88 88 28 21
85 63 72 39 24 49 51 62 76 95 47 5 16 36 70 2 59 73 97 56 63 40 42 51 14 85 98 63 10 71 33 27 57 72 58 12 25 38 14 42
78 38 22 19 60 79 70 39 78 99 59 99 77 49 82 0 21 64 74 45 74 47 61 68 88 71 31 11 38 3 75 17 14 17 43 29 98 98 96 26
7 88 85 59 47 73 100 78 28 12 39 7 65 33 72 11 0 70 14 80 2 54 20 78 74 78 33 32 73 87 70 15 60 53 41 42 38 21 98 49
0 71 23 22 73 21 100 22 67 72 7 67 96 41 53 77 73 56 56 82 99 61 74 82 47 88 98 99 32 2 72 16 73 79 16 43 93 34 28 94
80 99 35 99 63 58 68 19 67 43 82 74 20 93 8 47 82 12 51 9 36 84 26 87 75 50 61 26 8 25 70 39 81 77 70 52 80 50 64 47
42 90 87 32 31 35 81 57 50 6 22 97 35 27 61 33 19 62 19 53 76 77 80 43 59 54 63 61 77 97 64 50 71 93 78 62 26 35 57 60
2 77 72 31 31 36 98 82 10 55 9 22 76 23 84 22 78 93 66 25 9 8 8 70 89 17 94 26 12 6 39 95 51 98 96 24 14 6 67 80
65 1 25 38 43 86 84 65 98 0 81 89 71 42 22 20 59 89 71 26 67 62 68 5 22 6 69 58 48 48 68 7 36 24 93 10 79 84 76 45
3 94 65 26 64 100 15 92 27 51 94 14 67 1 5 95 47 1 96 32 17 100 70 87 89 89 46 29 39 4 35 18 91 25 13 92 31 98 33 100
34 0 49 38 15 54 48 67 66 79 32 87 42 1 16 68 77 39 36 19 58 25 7 71 45 39 57 72 22 86 3 9 61 33 55 24 56 7 97 55
10 1 56 53 25 96 27 20 55 70 52 84 59 30 71 21 41 20 33 76 45 75 44 26 0 56 70 51 16 45 27 100 13 80 12 39 68 93 25 17
20 4 44 9 7 41 70 91 19 77 50 99 54 84 52 24 4 86 98 78 7 59 34 15 38 85 4 11 3 47 22 6 63 16 75 52 62 7 77 23
44 84 96 84 45 28 73 94 98 98 30 59 66 71 18 94 87 86 70 39 85 92 30 43 51 81 43 26 51 12 39 86 47 81 77 54 1 7 88 64
10 20 20 54 52 54 71 44 71 77 78 15 89 33 89 98 6 68 54 31 75 91 28 3 70 73 3 49 43 89 66 97 9 22 32 100 2 21 19 75
25 77 47 25 56 54 44 72 39 47 20 16 24 67 44 29 41 91 54 2 0 71 27 71 89 62 77 44 27 61 29 17 53 70 77 91 27 78 69 5
39 82 94 33 45 10 33 50 95 15 55 60 58 22 20 55 74 49 92 83 93 86 74 9 36 10 14 19 32 8 84 3 55 67 0 30 11 86 41 86
4 8 14 30 52 93 99 13 80 18 7 9 42 38 29 45 36 8 51 57 54 75 91 29 31 54 17 81 20 79 40 64 48 7 7 67 16 99 21 30
67 71 10 2 43 6 43 49 55 98 47 90 61 46 50 19 15 42 95 40 12 12 80 48 66 84 48 92 77 98 88 37 40 94 72 42 39 80 28 79
30 5 73 16 82 71 44 89 16 53 47 50 92 35 78 100 21 39 90 84 32 37 34 0 96 95 11 77 3 22 42 44 48 95 74 49 3 91 54 27
30 21 85 76 96 37 28 78 12 71 39 79 58 44 50 72 80 70 34 67 22 88 44 55 71 7 8 64 60 0 22 30 93 89 14 89 15 44 73 35
83 24 51 3 65 6 47 41 84 55 95 74 89 28 67 60 17 83 75 45 54 29 48 1 48 41 80 78 22 20 90 22 39 17 44 69 0 25 34 23
72 37 87 93 69 81 43 88 70 64 25 27 22 77 29 67 80 67 19 28 83 54 71 9 5 62 16 52 16 64 40 15 68 31 10 71 52 26 54 73
83 51 48 1 65 67 28 69 17 77 91 73 35 88 20 75 99 95 87 11 77 65 7 8 43 16 82 19 10 53 5 99 39 76 2 62 88 42 42 47
40 9 32 5 46 12 92 6 24 67 11 49 82 97 83 34 16 89 22 48 1 49 19 26 44 72 56 46 50 85 39 32 44 65 53 97 48 12 40 31
56 26 43 63 41 73 65 14 11 56 74 44 67 65 67 94 12 5 87 15 16 56 52 39 1 55 42 71 35 13 70 35 46 76 20 79 2 22 52 8
75 43 38 37 17 67 10 77 37 69 55 75 17 82 44 87 89 68 87 54 61 65 79 14 46 48 81 90 68 48 71 29 12 2 11 41 8 51 89 41
38 16 11 60 90 78 43 35 43 29 48 78 73 78 92 29 96 34 55 52 8 74 53 46 96 18 30 18 39 40 4 7 85 68 18 45 97 46 24 5
60 38 22 52 53 45 21 84 3 94 79 23 21 56 43 64 99 88 85 31 48 23 13 97 27 12 18 44 47 46 10 28 60 50 0 34 8 65 3 50
97 19 11 86 90 0 54 32 93 78 41 78 68 64 62 61 45 72 84 89 61 7 49 2 48 1 41 97 48 61 58 95 94 50 14 11 5 78 8 65
21 69 67 79 18 19 64 37 49 51 53 23 57 97 86 29 42 3 35 92 72 5 63 79 5 8 54 82 5 42 5 60 68 20 37 88 67 6 38 4
81 29 13 42 30 56 10 11 55 81 92 43 58 28 23 6 90 68 28 100 45 74 18 69 18 74 69 40 8 48 22 16 4 79 3 15 44 37 43 16
3 38 36 56 43 59 52 27 66 35 94 89 48 2 54 65 49 17 99 94 68 89 47 74 59 65 17 38 8 74 34 10 34 96 68 95 4 9 62 60
55 68 71 7 47 45 24 23 98 40 49 20 28 58 97 17 83 68 55 95 84 16 52 43 67 69 54 33 11 16 12 0 72 16 26 27 93 73 75 12
38 26 7 24 61 62 49 80 87 68 64 20 85 39 35 91 49 99 1 21 69 5 51 65 2 42 91 75 6 68 8 7 92 57 64 43 22 45 90 84
32 85 65 66 47 41 98 63 89 99 53 4 14 21 99 1 86 29 78 87 93 53 87 70 79 21 4 35 46 61 15 4 91 7 67 100 87 51 57 20
22 45 78 46 50 64 32 18 18 84 73 23 34 11 60 77 29 93 57 1 91 92 70 41 88 81 88 6 55 6 63 86 19 26 5 73 33 23 72 5
22 4 80 95 74 16 99 54 2 95 57 99 53 15 69 92 30 14 71 73 29 99 27 36 90 80 47 78 82 10 93 29 0 14 8 99 44 94 51 100
58 40 47 17 70 0 88 53 36 47 27 58 54 17 67 90 66 13 33 19 21 57 72 30 37 28 2 85 4 2 52 85 50 78 91 82 72 34 94 86
5 99 95 38 37 9 6 96 13 4 47 63 95 56 94 2 34 8 31 5 81 12 11 31 75 39 45 78 53 99 16 93 89 61 81 54 66 99 81 67
96 57 62 99 71 66 39 22 78 25 40 4 23 33 6 48 84 86 39 0 85 87 3 2 57 65 39 63 37 85 56 63 65 25 13 98 96 35 55 77
66 23 61 9 8 25 75 86 78 79 48 86 28 43 15 27 86 69 77 49 100 74 75 83 6 80 80 64 8 21 28 15 8 2 27 44 76 19 90 42
21 95 0 16 69 54 15 78 24 78 64 97 8 97 46 19 49 23 23 30 10 79 71 78 76 22 10 10 57 18 13 66 32 55 7 80 58 31 54 59
43 51 60 21 79 3 1 85 21 38 48 13 92 2 13 15 39 11 11 73 85 37 99 49 68 16 74 29 91 90 17 18 76 81 72 52 60 92 1 82
55 45 9 85 64 34 96 2 42 29 70 3 76 80 5 29 3 28 91 41 64 9 88 38 70 15 47 48 42 100 17 57 18 9 14 49 65 68 81 45
38 7 41 5 57 63 95 76 95 49 41 19 54 68 93 55 73 31 27 6 13 8 23 43 61 51 94 94 99 38 38 71 82 94 22 68 92 84 60 13
38 41 23 86 17 21 21 14 99 62 99 53 97 33 1 59 25 99 76 56 93 70 49 83 46 27 54 15 81 87 4 63 88 57 53 16 93 60 79 18
51 29 100 34 18 23 80 70 65 93 100 54 94 88 98 87 33 68 4 69 65 77 53 36 56 2 50 29 29 8 54 76 25 85 41 3 74 28 77 81
22 50 98 28 24 71 41 39 17 38 69 3 53 5 48 92 98 76 33 21 77 55 7 84 58 0 0 13 11 64 44 81 74 83 37 43 2 88 9 58
5 13 43 25 91 10 41 98 71 45 29 68 61 28 31 94 10 21 100 66 6 35 37 5 12 11 44 59 60 68 75 72 93 42 18 29 0 89 7 19
83 34 43 88 35 17 97 75 47 95 65 78 45 59 48 24 74 88 72 45 15 51 59 40 96 89 53 20 13 25 11 60 71 95 91 93 9 40 16 99
10 15 13 95 21 7 35 25 52 14 59 3 34 61 85 94 0 51 100 5 6 61 81 93 79 30 99 38 43 100 83 56 26 35 70 72 38 27 8 14
98 34 15 0 11 92 86 82 10 57 11 35 92 34 8 10 61 11 35 92 8 51 46 1 90 22 87 69 82 20 8 73 63 42 40 28 2 74 26 3
39 71 24 18 0 45 33 75 98 83 78 30 59 63 85 67 17 68 39 96 3 71 24 24 53 32 13 67 73 25 79 85 86 21 7 56 85 35 61 62
