78 17
68 100 88 6 71 7 90 73 87 35 96 51 12 27 9 64 8
1 83 44 76 84 26 40 49 30 10 69 60 40 8 54 65 98
16 17 14 5 20 23 37 95 84 54 73 36 68 97 58 43 39
58 96 44 62 34 3 48 18 30 72 18 8 20 99 60 40 57
79 8 17 69 66 65 76 7 33 58 18 55 33 68 43 44 97
29 43 39 18 6 91 88 89 36 11 38 64 14 85 74 59 76
37 94 90 5 42 18 9 13 25 43 21 99 52 62 59 8 95
93 46 14 79 15 69 58 32 50 62 34 65 42 35 9 39 78
0 39 19 5 94 11 22 97 91 68 95 76 19 3 46 15 26
79 69 21 18 16 63 29 82 39 39 41 9 32 61 60 3 1
24 80 60 89 61 18 28 23 46 27 37 16 57 26 30 65 59
19 64 52 35 12 8 34 73 13 24 93 66 83 44 69 40 80
25 90 89 43 26 29 77 100 24 31 71 64 87 37 100 60 3
4 55 39 80 8 49 78 20 74 43 19 91 68 4 75 15 16
86 62 35 20 85 66 5 20 51 14 89 47 8 12 60 19 25
98 97 33 32 40 2 20 84 29 90 7 61 37 100 3 50 53
95 89 80 15 13 65 20 84 96 83 63 5 78 28 28 19 22
83 83 52 60 74 49 58 5 88 66 67 63 90 14 44 81 95
40 65 28 93 45 58 87 98 15 78 81 36 93 82 63 16 44
46 94 19 31 40 50 91 24 35 29 5 64 52 45 58 10 28
64 79 14 33 57 45 58 49 72 61 42 71 41 48 8 1 90
69 27 58 16 20 84 16 12 18 45 9 91 37 68 30 21 63
16 50 36 47 96 69 55 19 66 27 16 100 34 78 68 69 40
75 72 93 51 27 12 77 59 45 76 87 37 94 96 79 61 97
22 89 91 32 71 99 0 46 97 20 88 68 94 11 67 18 30
25 68 54 97 79 30 57 76 32 10 83 36 58 17 77 83 98
50 64 4 5 29 81 68 52 69 93 16 24 18 69 9 42 72
46 7 87 69 0 79 66 17 21 57 91 74 39 95 72 70 95
23 97 4 5 21 65 57 76 8 71 70 24 58 28 22 6 51
3 26 48 88 98 12 58 85 9 29 27 41 78 52 21 22 66
1 70 68 11 27 3 68 16 70 26 11 28 54 42 57 91 49
14 24 10 94 90 53 94 25 25 4 35 66 65 52 15 96 60
80 11 13 5 32 57 46 34 52 15 89 87 95 69 2 96 88
5 41 59 34 86 26 94 77 98 9 1 46 61 52 7 71 24
57 14 14 93 17 64 100 51 10 33 39 9 71 56 57 21 7
81 40 40 1 17 58 35 100 20 33 12 69 99 5 29 44 77
3 81 89 36 94 35 88 6 59 10 4 55 99 26 38 7 75
71 67 29 62 37 31 93 9 22 30 58 32 85 98 9 10 49
65 72 24 80 57 11 43 43 69 3 97 39 79 90 66 91 76
1 100 96 33 48 29 93 10 79 68 93 76 8 24 95 36 24
43 69 58 77 40 70 56 83 40 32 41 43 88 98 96 54 58
28 60 49 33 60 73 25 100 7 75 5 0 76 54 35 36 83
14 97 70 43 53 5 76 86 98 66 52 75 28 30 12 48 3
79 77 28 63 72 80 8 85 28 64 93 16 74 4 96 6 13
25 22 25 100 57 73 68 77 99 42 100 11 31 64 45 79 8
46 42 18 23 8 43 92 90 82 16 80 99 76 22 33 34 93
60 74 34 62 44 29 92 48 9 50 95 61 68 100 27 43 50
92 78 91 50 21 2 86 83 90 28 0 96 70 74 59 41 56
45 49 56 77 68 51 35 8 79 35 74 32 48 59 71 44 93
66 22 93 24 39 15 67 31 78 66 15 20 34 79 13 8 11
36 7 53 14 61 43 22 33 88 15 52 56 1 28 52 44 21
84 13 49 34 10 89 71 50 46 81 89 19 89 98 97 20 90
48 81 35 49 96 6 25 74 46 29 37 38 64 17 25 1 96
41 58 83 98 23 83 49 7 29 19 36 6 6 89 99 7 10
45 48 44 42 61 97 5 48 89 59 20 91 64 87 13 64 31
85 21 61 5 27 86 98 56 39 6 73 26 47 83 99 93 71
65 18 5 90 2 17 63 41 50 41 30 40 7 72 30 30 89
13 67 47 69 72 14 57 33 64 13 64 60 43 31 0 69 10
17 72 83 59 95 78 61 63 91 25 29 83 54 32 45 66 98
91 70 70 2 90 65 32 10 30 8 69 19 38 4 39 44 37
23 88 17 39 29 44 15 97 67 37 19 97 72 87 28 11 76
99 44 93 43 65 69 13 66 20 32 43 2 20 43 69 3 6
65 22 29 53 46 31 24 11 36 62 30 59 51 35 28 18 88
92 61 8 40 32 22 33 40 76 60 0 64 77 24 56 29 45
96 54 69 36 49 61 0 78 69 98 20 9 82 40 97 28 86
26 25 53 1 77 40 21 28 19 93 1 29 35 75 73 51 9
87 25 39 77 84 63 22 65 43 79 25 89 67 69 64 44 15
62 64 38 23 63 63 59 27 25 79 57 58 98 26 69 64 93
86 30 95 80 62 28 24 14 99 73 32 90 63 42 59 20 67
91 53 73 75 38 0 52 82 65 79 9 11 81 61 10 61 13
68 44 96 51 61 47 22 27 19 82 53 9 85 11 28 17 86
41 80 83 96 92 56 13 23 60 36 33 10 43 4 7 28 26
22 92 12 15 19 46 54 94 9 56 6 20 4 12 18 73 19
14 61 7 65 60 53 38 54 91 39 49 0 62 72 38 9 30
23 56 0 53 56 57 72 67 52 65 34 53 47 22 95 91 93
66 60 31 87 50 41 69 74 33 52 91 59 45 4 32 77 30
77 21 15 7 61 15 88 59 62 47 9 42 87 99 60 24 35
98 56 8 95 1 88 4 83 81 45 88 22 96 96 55 96 11
