97 62
22 45 19 5 96 50 27 23 68 68 76 57 82 60 28 48 66 89 94 9 44 55 52 17 56 71 37 70 23 55 83 91 47 79 44 53 26 25 40 96 68 25 87 79 12 60 100 74 11 61 89 66 41 44 43 66 54 28 8 75 48 20
16 27 90 60 62 62 33 39 28 20 73 98 18 23 0 72 17 85 2 57 14 13 64 96 31 67 2 77 7 13 78 85 4 6 69 75 21 51 96 16 31 44 100 27 50 82 38 57 50 43 74 36 70 46 57 10 1 10 11 95 37 40
91 86 3 13 32 42 87 56 86 78 10 6 13 31 4 9 2 56 100 13 81 39 43 50 13 54 73 32 6 71 69 62 92 96 3 61 28 18 9 21 75 52 65 72 83 45 89 83 73 17 32 54 45 11 78 99 89 96 77 96 45 33
34 31 2 29 96 72 52 45 7 81 24 42 39 40 27 79 70 5 18 7 5 48 82 12 1 21 17 38 44 38 42 89 76 30 29 2 78 9 81 91 5 52 24 11 32 16 6 82 15 52 12 0 94 83 2 32 33 25 55 70 8 67
18 18 62 16 11 18 99 56 58 83 61 5 43 13 77 34 24 73 0 52 69 3 77 98 72 60 42 9 9 14 59 41 2 93 16 88 15 55 0 74 74 31 45 85 82 34 26 44 49 50 86 1 29 61 21 76 77 40 50 49 66 82
98 49 83 84 29 1 50 18 81 0 27 13 9 55 88 29 13 62 60 83 46 31 34 12 3 47 51 71 56 66 12 5 89 78 82 40 4 94 29 72 27 31 33 92 94 73 17 83 45 13 0 5 87 86 6 82 61 56 24 63 11 46
73 98 92 52 89 77 69 76 9 59 88 57 50 78 59 69 24 61 55 36 36 34 87 72 39 35 34 54 80 73 23 44 47 61 65 74 55 36 75 80 38 52 64 38 70 37 26 49 1 84 0 26 80 71 9 1 28 37 64 90 47 6
32 83 53 65 46 37 52 45 68 79 95 64 95 62 22 17 66 1 78 6 93 96 8 4 66 41 62 16 38 17 19 64 94 25 84 79 59 45 57 16 13 47 62 43 78 60 36 85 51 76 12 74 47 14 45 56 77 100 23 98 72 97
46 76 46 0 9 18 24 84 97 91 32 4 70 1 16 92 89 78 14 35 35 81 78 90 51 9 50 68 70 57 59 65 95 4 70 100 0 35 45 13 67 94 0 37 31 58 0 12 60 80 72 35 50 42 68 16 48 57 6 81 47 38
90 39 3 62 25 76 66 87 42 49 85 50 89 4 20 80 88 34 72 5 25 69 92 50 26 86 74 59 85 67 73 15 51 38 12 60 11 71 44 84 87 100 41 68 82 79 2 64 53 98 24 5 13 52 22 58 85 30 86 59 93 91
32 43 72 59 78 92 28 97 5 30 79 5 40 24 61 46 100 2 4 20 23 56 6 83 84 45 1 96 12 7 96 18 13 22 63 76 13 66 6 16 5 44 7 58 72 78 92 97 63 41 95 11 66 62 11 30 11 42 75 67 42 63
16 48 53 35 75 91 4 94 63 49 34 36 18 32 10 11 48 87 9 93 2 22 58 24 14 45 50 65 4 51 23 47 78 34 55 44 11 48 77 84 97 53 86 29 76 22 23 50 62 40 80 39 33 47 10 46 43 85 43 6 71 82
30 38 77 77 76 9 71 78 35 94 58 64 24 16 5 27 26 49 98 19 75 95 70 59 41 46 94 57 98 21 48 3 13 3 62 4 1 78 25 11 39 44 90 8 13 30 84 54 35 57 76 52 64 61 31 59 49 49 74 93 52 52
27 30 94 37 14 21 44 88 100 2 61 39 12 39 60 23 47 87 89 24 7 39 10 21 67 10 11 11 77 49 90 70 56 47 45 72 54 87 5 13 99 38 63 90 94 99 26 45 16 36 48 98 93 61 73 46 24 81 36 84 66 72
70 93 57 88 55 48 82 35 57 64 12 81 96 84 43 33 28 50 65 64 69 15 24 16 17 38 74 98 30 54 23 75 18 9 37 51 52 10 77 55 90 98 43 51 89 16 82 1 20 16 99 90 93 7 21 98 94 83 67 2 76 86
72 70 53 83 31 74 0 46 80 5 30 59 89 28 98 51 88 100 11 32 43 49 36 89 45 19 31 91 100 58 89 24 34 38 36 23 59 46 45 95 12 0 17 34 10 39 79 49 44 38 67 39 6 45 24 20 29 100 52 81 10 9
51 70 44 25 17 23 47 9 0 37 16 69 55 55 45 4 57 42 1 79 55 74 94 24 90 57 6 69 90 2 50 25 35 98 52 35 8 60 43 43 73 4 90 100 17 4 58 84 63 3 73 80 35 81 84 25 15 63 68 32 14 3
96 33 81 63 48 17 91 26 62 70 15 30 60 80 15 23 81 56 21 93 51 71 65 42 4 32 8 17 90 4 40 9 56 99 16 63 9 62 36 61 21 39 95 25 6 39 41 13 41 100 5 58 92 23 85 93 41 78 65 2 30 11
89 45 25 88 59 73 98 78 61 94 79 1 51 17 53 78 95 81 72 44 11 35 50 21 39 66 45 28 15 87 42 29 31 45 86 35 71 79 19 88 96 39 4 87 4 48 23 54 52 11 33 17 71 54 74 61 20 54 0 21 81 41
96 19 66 24 62 56 36 3 27 99 3 52 18 67 90 100 11 9 88 96 59 13 31 41 83 81 79 84 11 56 17 76 19 7 37 62 27 13 100 50 59 2 77 59 3 58 40 7 71 70 85 81 86 69 49 62 74 92 35 60 96 73
31 73 49 51 5 59 56 4 23 2 26 44 92 10 88 64 21 25 8 54 19 89 27 8 90 12 96 31 49 61 56 33 24 94 20 54 89 44 24 83 93 48 49 17 50 90 83 95 14 93 10 64 90 16 45 33 32 76 27 90 100 30
89 63 25 92 28 11 13 50 52 80 72 64 14 53 67 5 37 12 94 51 15 52 28 3 29 84 36 2 60 41 55 68 48 21 41 59 86 71 77 19 24 5 80 19 21 50 87 77 4 21 33 60 18 24 8 81 37 24 39 22 60 27
78 7 33 57 90 69 45 13 45 70 80 85 23 83 57 58 21 50 32 36 25 9 18 61 6 69 39 40 63 13 38 66 53 85 34 4 92 44 10 67 91 68 86 20 64 93 60 55 98 85 84 60 86 84 11 2 93 68 77 96 63 1
98 93 36 76 72 83 69 26 18 76 69 9 96 3 87 33 49 98 66 53 68 6 50 23 28 47 1 97 38 60 96 99 45 50 97 3 68 25 68 64 45 3 30 0 97 45 51 57 77 80 18 37 96 6 77 19 44 12 23 97 26 75
34 51 91 33 93 62 60 76 76 56 39 47 8 51 92 43 31 74 85 38 6 23 16 95 1 15 72 14 89 68 81 38 94 28 55 54 54 42 30 77 56 62 59 17 69 25 1 71 64 51 44 23 76 74 24 32 75 23 65 17 32 12
8 7 65 41 11 9 6 88 29 0 28 80 73 10 66 21 82 98 27 33 35 12 90 81 88 14 11 11 56 21 94 93 66 71 44 66 71 31 40 20 43 50 52 38 38 54 47 46 97 10 40 41 7 37 4 77 65 47 71 60 41 97
2 28 33 57 28 46 3 20 35 6 20 99 38 37 30 87 1 44 44 37 75 93 31 27 98 40 82 44 74 6 34 14 98 99 17 69 75 77 75 24 81 41 69 94 31 90 47 16 32 30 3 4 38 62 47 40 9 14 96 66 51 96
49 37 47 54 29 20 19 62 71 56 75 64 37 20 91 4 48 1 58 26 47 18 1 42 76 27 30 84 99 12 77 8 1 25 93 92 6 60 82 33 92 61 58 17 28 50 99 71 26 70 44 5 78 14 93 67 13 8 11 27 21 86
56 33 10 91 0 19 7 61 80 40 83 3 30 59 42 86 35 79 24 99 68 94 69 58 49 89 46 53 23 42 14 33 99 41 34 29 81 67 20 76 22 95 73 7 51 35 64 74 60 70 48 29 23 49 38 28 43 97 93 30 53 69
81 11 21 0 39 62 63 64 40 100 25 23 50 77 56 22 16 86 88 32 57 32 65 34 14 91 44 57 25 66 36 25 65 98 84 27 93 97 25 89 72 34 2 86 79 66 97 89 19 56 100 31 26 83 68 99 85 100 61 78 55 94
15 11 38 15 89 45 20 17 93 34 72 37 30 48 98 50 44 30 41 81 30 22 19 60 40 47 26 85 5 19 20 57 97 96 60 31 71 34 72 21 77 23 98 20 47 28 71 97 13 4 1 26 10 76 51 37 22 46 68 1 93 80
69 54 55 20 83 76 17 74 43 23 40 89 26 62 11 71 43 22 37 8 80 81 57 34 29 22 21 31 55 99 79 52 21 87 34 35 28 43 4 77 90 38 53 71 32 72 63 19 29 1 79 81 18 51 61 99 63 59 97 82 27 44
82 52 0 65 96 62 57 15 98 1 69 26 25 66 98 42 27 15 23 20 90 17 90 98 70 13 17 5 50 14 10 55 39 75 36 40 27 28 4 64 7 6 16 5 53 92 20 63 8 72 19 60 32 10 80 90 33 87 87 73 31 33
19 88 5 43 41 29 23 82 14 99 80 66 78 52 4 62 74 70 48 70 94 46 62 95 85 46 28 86 87 68 38 34 87 70 63 83 72 40 34 29 7 34 97 19 63 21 16 54 13 17 36 60 87 7 58 48 21 26 87 2 36 76
97 35 48 30 8 16 15 89 38 73 97 71 9 62 59 84 33 1 57 81 13 15 96 77 14 16 90 66 14 30 27 65 93 28 64 20 91 1 65 8 86 82 72 69 71 32 97 51 33 40 69 25 72 100 87 69 3 23 90 2 31 90
72 12 76 6 0 19 66 27 34 43 89 100 61 32 86 22 7 79 36 21 55 65 52 56 49 29 55 50 88 77 89 54 55 3 80 52 64 78 88 1 22 100 92 31 100 36 63 25 59 99 94 22 8 31 51 14 12 32 92 8 24 68
80 62 55 97 78 86 18 15 23 67 23 42 24 90 94 64 28 40 89 8 33 54 70 40 27 34 64 79 15 56 4 43 42 39 11 48 90 74 10 84 54 65 10 54 65 3 89 2 78 91 33 40 75 48 55 91 40 21 65 20 73 64
20 33 69 86 44 14 16 55 12 20 100 75 72 22 81 5 50 71 2 84 64 3 48 47 18 81 14 61 97 15 7 39 65 18 91 5 77 18 2 1 20 17 20 19 19 57 13 28 92 76 4 83 70 23 76 50 87 70 26 16 18 41
23 43 70 7 77 28 30 42 12 60 39 81 62 54 54 55 35 96 81 19 96 85 24 13 41 90 27 7 92 43 30 59 59 67 74 40 6 86 34 31 79 20 94 90 39 56 32 87 41 41 3 51 5 90 30 57 37 44 42 20 34 60
85 13 29 17 34 14 63 94 59 49 47 90 54 67 23 41 24 91 81 83 35 7 97 56 47 11 19 26 16 59 26 59 67 80 11 7 48 65 72 54 27 22 71 56 53 8 9 74 86 98 2 100 37 26 33 55 54 44 5 94 54 39
61 71 37 86 76 87 72 72 60 63 81 56 94 78 100 49 62 30 79 62 35 72 92 5 11 63 59 27 19 75 18 44 10 60 31 1 66 24 61 90 77 5 15 61 13 91 61 29 50 4 17 32 95 6 48 20 100 75 78 31 25 94
11 79 39 27 59 94 12 86 3 83 61 18 9 28 56 41 11 18 18 42 50 7 68 17 96 56 29 67 28 23 82 73 4 30 39 57 69 26 95 11 39 89 18 32 46 32 58 92 79 47 87 91 62 30 11 0 24 30 57 10 87 14
15 18 72 7 89 31 18 87 67 90 12 28 18 91 62 73 19 78 68 14 74 98 82 27 0 9 44 91 84 28 92 26 100 50 46 20 89 63 44 1 79 16 64 20 4 57 36 31 46 54 60 97 28 36 30 97 69 89 79 86 83 78
36 56 21 66 90 71 83 56 12 50 1 12 55 40 23 74 32 88 49 8 15 49 80 50 1 70 6 16 28 7 96 80 36 84 17 68 54 83 24 60 94 57 88 67 9 96 94 57 39 89 47 35 50 90 94 81 73 17 53 100 71 66
57 19 81 91 28 50 88 35 65 15 52 44 72 44 55 66 43 32 78 100 22 95 19 10 62 14 43 39 77 90 15 90 75 79 24 89 40 92 0 52 20 22 46 47 65 92 27 89 87 48 100 51 73 47 42 42 93 88 60 88 85 87
1 95 41 57 89 7 4 79 100 31 79 28 77 34 29 38 60 42 63 4 93 17 96 1 53 43 17 68 24 65 23 76 25 69 55 28 61 46 76 89 42 85 3 35 56 61 93 20 46 91 89 55 22 83 1 39 32 53 55 8 8 33
58 98 68 29 31 2 37 100 49 80 87 38 7 30 47 25 9 57 58 27 49 17 38 8 20 81 13 94 39 94 74 24 17 64 52 66 30 15 59 17 77 40 57 18 35 39 45 42 21 4 40 14 2 7 96 40 4 84 83 48 72 11
23 53 20 20 65 70 60 84 31 96 36 30 23 35 53 53 85 31 90 62 62 68 37 32 35 25 80 48 69 82 78 67 73 26 60 66 35 19 28 7 22 23 94 36 58 72 63 12 56 41 35 71 38 81 81 63 82 28 77 34 0 69
99 20 88 72 26 48 22 94 17 69 7 44 75 86 72 82 34 36 20 61 99 62 14 98 60 73 4 17 85 4 9 55 63 82 100 52 80 90 93 25 94 20 72 70 22 65 75 74 57 95 50 37 46 85 2 44 89 35 0 61 50 93
22 64 37 47 31 11 86 50 18 14 60 43 52 74 25 52 93 65 48 38 100 19 38 65 6 58 70 64 92 96 52 28 26 19 14 54 91 92 29 3 88 60 30 92 58 42 64 99 28 75 27 75 84 50 6 74 45 2 55 69 18 82
60 15 98 9 92 93 7 74 68 70 11 42 47 41 89 35 89 89 71 28 47 87 59 92 74 36 79 79 51 0 64 41 96 12 24 37 35 14 94 9 69 87 20 59 24 93 59 95 85 78 81 63 1 82 21 87 79 33 74 82 71 80
40 39 69 28 22 37 18 64 6 83 91 87 40 47 91 19 77 60 72 10 15 10 85 24 31 9 26 35 70 91 51 100 48 13 62 3 15 68 63 45 93 75 42 12 43 86 40 56 42 63 43 86 71 27 75 19 60 25 70 68 77 6
30 37 83 85 43 85 18 84 89 26 52 41 1 32 69 91 54 47 47 41 15 40 41 11 59 28 9 44 37 92 24 95 51 33 87 85 6 2 58 93 22 32 61 18 42 52 13 40 9 93 41 68 50 46 27 11 88 10 88 36 54 39
16 41 52 85 46 82 73 37 35 7 75 33 64 79 34 84 59 71 95 86 37 84 76 15 40 88 40 88 65 28 91 49 74 70 52 35 92 33 49 19 93 97 99 88 86 14 84 42 37 83 17 18 59 36 66 27 98 82 38 100 18 80
67 27 15 57 100 100 30 99 44 10 31 57 71 69 8 93 63 53 47 76 19 0 35 30 98 16 88 73 44 75 26 50 91 100 13 28 74 7 60 14 53 88 9 13 99 33 56 11 48 6 58 31 52 47 35 88 66 84 15 69 26 19
19 0 62 43 57 94 18 3 79 82 42 54 89 96 50 31 63 79 80 20 69 1 19 27 49 0 62 6 29 76 96 67 0 74 73 66 20 7 97 55 3 11 31 91 3 57 52 2 15 93 81 18 28 32 71 100 74 98 8 63 18 8
81 10 48 7 99 49 67 12 46 21 77 58 77 60 73 23 37 36 22 78 6 78 21 60 44 21 76 46 57 79 58 0 6 33 20 71 67 75 39 61 79 77 22 98 88 100 70 3 4 3 48 3 74 76 12 0 16 40 20 61 66 91
19 32 2 6 100 70 74 71 71 67 46 14 74 42 14 91 75 29 85 95 63 75 12 15 18 1 13 5 37 46 6 6 81 10 89 54 27 72 69 64 6 80 82 57 78 14 32 73 30 67 97 99 80 66 5 39 27 0 60 51 31 15
17 55 4 59 0 24 64 83 23 84 9 3 48 69 10 49 36 6 49 9 38 8 11 83 53 98 25 61 56 44 9 5 50 84 47 54 13 9 67 71 42 26 89 8 25 42 61 75 37 20 67 25 50 60 42 71 78 57 42 59 44 46
13 64 19 83 22 82 71 49 75 39 13 65 29 90 58 43 29 17 57 48 91 31 63 39 91 25 39 14 41 34 16 91 21 28 4 58 59 21 19 22 87 27 93 1 9 26 58 37 66 16 35 36 5 44 49 40 89 85 50 97 100 40
51 25 64 23 65 23 94 6 4 82 42 41 15 76 92 92 6 81 35 28 59 3 89 24 21 8 29 86 38 20 79 32 57 9 56 71 14 94 60 66 0 98 100 51 100 32 12 64 11 59 79 11 92 9 92 30 81 80 35 57 6 78
82 97 62 79 30 29 15 79 17 89 14 71 51 31 56 42 57 49 17 45 59 92 17 87 93 65 71 82 99 85 49 91 50 36 76 75 44 42 68 23 95 86 41 16 42 89 5 89 96 5 15 74 11 17 99 6 46 12 36 87 43 28
38 86 40 60 23 78 24 0 67 0 21 8 50 93 76 11 95 41 60 74 72 78 40 32 4 23 50 18 87 100 72 72 6 28 62 61 45 67 0 45 76 100 6 56 90 83 10 40 50 69 25 91 91 36 82 48 96 94 27 31 59 65
87 0 64 100 47 67 3 74 83 17 42 39 93 11 92 68 42 49 71 51 19 3 55 52 58 28 49 32 100 63 41 77 41 15 21 91 62 91 13 93 89 8 49 63 67 70 74 56 16 72 99 71 84 12 84 88 45 17 39 11 67 21
9 87 98 34 11 8 18 94 24 8 69 46 100 28 23 20 78 10 94 84 84 65 26 87 3 79 65 9 2 85 3 99 85 50 40 37 57 73 9 62 80 67 94 59 33 95 42 93 79 48 24 53 2 21 27 66 95 10 53 49 20 92
66 78 25 26 31 71 24 45 21 22 67 39 89 63 66 31 15 78 73 43 78 22 58 73 10 40 84 51 36 84 51 29 70 32 0 85 5 41 80 27 21 9 11 14 43 52 42 60 51 44 70 80 90 79 83 93 55 81 71 58 31 96
44 23 96 14 77 17 13 72 92 32 31 66 65 75 2 91 79 44 97 5 48 32 47 23 49 84 83 31 9 76 9 47 61 64 25 80 69 68 41 24 24 5 0 47 35 16 20 14 45 88 55 83 92 66 17 76 45 48 44 74 3 47
78 44 80 87 1 2 64 87 96 45 48 64 23 87 26 4 77 59 50 87 13 13 50 81 21 8 24 75 96 29 17 60 66 49 84 66 42 36 35 13 95 69 75 86 1 57 96 5 43 84 64 23 15 92 68 10 55 72 44 26 82 29
60 50 14 20 4 70 36 90 45 41 89 23 36 100 66 49 9 0 32 21 20 8 55 61 9 25 5 77 13 24 14 52 83 74 94 21 60 38 87 14 76 27 21 53 7 39 42 97 94 6 84 83 44 86 53 41 28 80 66 46 64 61
81 16 12 55 84 79 40 3 25 27 35 80 69 29 19 48 67 61 18 27 52 94 45 42 49 69 84 61 37 65 5 28 12 20 9 57 71 44 62 40 48 11 0 39 42 93 70 77 80 32 1 94 92 95 78 88 5 31 88 12 51 18
68 18 49 2 89 44 73 100 24 44 72 98 44 97 41 8 23 60 15 0 75 78 37 93 22 42 80 14 86 95 61 41 14 4 58 28 53 57 57 70 10 46 60 70 38 11 41 38 56 19 24 88 70 68 41 47 32 6 58 66 43 0
42 87 53 79 14 21 23 92 52 0 70 42 36 6 39 18 49 76 33 87 32 76 77 35 38 16 47 65 4 53 87 55 30 3 32 88 50 65 37 8 10 62 47 11 50 11 10 36 44 18 14 71 30 77 94 82 4 82 93 81 62 71
45 71 81 19 2 62 73 50 53 34 9 64 5 91 18 91 30 97 39 96 23 53 21 69 31 77 85 65 38 72 25 32 85 41 83 57 90 63 60 28 51 84 62 28 79 38 40 30 15 81 80 63 84 95 57 81 33 25 23 86 98 50
15 91 71 88 24 45 19 71 4 24 52 100 15 4 70 57 97 96 18 93 32 100 50 83 28 10 82 81 80 88 98 27 18 78 88 25 72 52 5 15 28 91 84 91 27 45 78 13 35 13 2 21 35 81 25 5 78 1 63 35 31 24
26 2 47 22 90 38 8 78 94 2 33 43 95 83 71 65 75 25 51 2 49 38 42 33 3 28 1 67 57 92 43 63 49 39 15 52 4 16 25 63 51 28 34 20 85 89 39 62 66 47 46 16 18 9 55 87 48 78 9 91 97 16
41 21 8 53 58 34 10 90 1 68 48 47 100 24 65 21 30 95 37 47 66 67 92 57 93 76 26 83 7 37 30 99 72 54 6 58 86 0 48 61 47 99 30 15 41 99 75 81 17 10 99 6 90 99 84 43 91 15 19 31 2 5
38 29 96 29 36 39 84 76 26 66 89 6 42 9 67 55 75 40 89 49 55 92 60 30 66 28 0 92 4 21 90 95 67 13 99 94 33 49 83 1 5 77 80 62 72 9 36 34 96 8 44 30 52 78 74 48 24 67 9 10 27 78
47 67 26 7 2 43 26 20 68 82 63 89 38 72 87 7 9 80 75 75 96 26 96 41 85 53 83 30 4 35 57 37 97 59 74 68 2 8 23 3 36 98 9 24 37 33 4 59 76 87 89 4 52 58 48 74 24 38 66 78 14 56
3 82 60 47 14 22 79 40 12 28 95 1 3 17 60 21 41 13 54 49 53 100 56 9 75 55 96 69 33 9 17 87 3 55 43 20 3 76 19 44 0 47 0 58 72 99 68 45 97 83 51 82 9 21 22 7 67 95 71 79 83 77
40 91 52 68 68 83 61 74 52 48 79 25 7 37 81 3 64 84 19 6 0 57 21 29 72 80 38 23 14 74 51 59 61 41 61 45 82 61 81 92 84 49 55 61 90 88 63 78 50 54 56 19 11 38 39 43 12 80 12 17 1 78
82 47 13 58 87 95 92 67 17 67 36 87 71 38 83 86 58 57 17 100 51 65 69 97 69 85 59 49 67 57 44 98 87 32 87 59 39 5 10 78 4 28 48 93 25 95 64 93 69 43 46 75 24 12 19 17 34 12 9 93 74 85
68 78 15 4 56 35 58 66 67 24 82 8 48 48 48 34 68 62 22 39 82 91 89 91 57 94 46 95 91 4 99 69 17 46 41 41 25 29 15 19 58 84 36 27 49 40 47 18 28 56 80 54 79 94 94 29 78 1 6 35 27 100
60 5 9 51 48 85 47 52 81 52 49 90 6 90 77 41 30 0 26 96 24 93 18 78 86 25 3 7 35 14 56 76 27 49 75 86 80 33 27 45 61 63 86 97 89 55 4 63 85 12 25 21 80 33 12 24 59 43 15 69 39 13
63 89 62 71 34 65 25 72 17 99 61 99 5 91 75 62 35 73 40 29 51 99 5 69 53 40 42 95 88 0 71 11 30 70 4 94 86 49 6 58 62 72 55 18 63 99 95 44 24 7 41 4 49 31 100 38 78 37 47 43 60 5
28 43 34 67 32 93 57 46 6 13 27 41 59 63 52 81 69 29 71 84 87 60 58 67 75 60 95 20 13 42 43 5 23 18 9 26 62 67 57 49 76 15 83 97 100 3 98 38 24 70 72 41 26 44 55 26 6 82 79 51 45 87
96 65 29 28 38 89 59 57 31 22 37 11 79 57 36 23 27 89 13 41 92 33 44 90 6 60 13 59 78 13 40 66 97 16 54 43 61 100 29 22 41 40 87 44 32 29 64 73 62 2 8 6 30 20 0 56 33 30 46 72 95 7
16 88 34 22 23 10 36 77 42 85 55 72 38 93 97 86 18 0 67 77 39 55 43 97 83 25 35 20 45 8 65 81 52 31 42 1 61 52 92 3 100 42 92 28 71 66 35 13 7 0 15 61 56 16 53 47 80 97 50 46 90 55
43 67 73 37 86 33 75 0 28 4 52 6 35 38 36 48 58 27 80 28 67 28 5 1 15 33 29 44 53 31 64 42 85 54 41 6 78 96 73 78 70 29 54 70 7 99 84 73 56 94 22 19 30 60 17 90 88 32 46 76 93 83
92 80 67 11 36 64 72 42 62 11 74 74 85 59 70 51 36 75 14 35 5 43 62 8 6 11 99 20 56 27 59 5 81 24 67 51 97 65 41 81 65 20 26 6 55 16 17 66 37 66 31 2 28 54 85 96 39 43 54 55 71 82
83 89 56 84 9 31 80 37 23 92 90 17 79 39 97 82 85 45 44 93 84 46 50 79 99 18 41 16 77 33 49 77 50 17 9 94 28 26 63 2 39 29 36 88 29 25 44 55 8 87 13 41 49 77 0 2 7 57 70 51 19 80
48 97 20 97 1 37 66 72 16 20 53 66 90 54 87 53 60 31 59 70 59 12 59 45 11 99 22 18 9 100 98 15 29 54 33 6 95 37 11 86 89 8 16 41 62 53 48 64 5 68 86 70 28 55 57 6 36 91 73 73 69 38
7 56 55 27 91 82 95 68 18 10 11 19 4 26 19 27 17 95 34 64 77 5 66 49 99 85 66 50 81 97 30 39 26 73 77 58 36 94 69 9 33 35 41 15 87 77 31 88 57 14 5 80 35 50 90 93 41 2 49 82 52 21
92 11 1 98 93 80 20 17 33 99 76 29 63 83 78 53 49 27 47 26 5 41 7 24 88 56 15 78 7 76 74 88 93 100 87 70 18 41 62 77 3 63 9 67 24 26 25 58 68 30 19 85 67 61 2 65 47 51 60 64 11 86
41 84 94 82 54 25 88 27 19 32 36 17 44 78 3 57 23 0 18 76 65 37 58 49 96 98 57 90 14 35 85 62 25 78 31 37 31 75 49 20 14 42 53 42 66 12 73 64 54 67 24 83 1 56 39 3 15 18 65 54 41 48
96 9 82 72 7 63 52 37 1 95 14 93 48 52 5 84 1 64 17 86 55 42 13 59 84 70 32 45 85 68 80 75 73 75 41 37 46 56 19 74 43 86 39 44 77 20 47 67 99 66 40 68 47 96 70 18 88 100 92 76 37 98
16 22 40 19 97 5 54 14 79 32 41 60 98 29 64 61 47 44 2 7 78 73 18 10 87 5 89 67 96 23 97 38 13 65 93 91 83 59 30 47 97 14 83 0 68 9 22 77 73 71 73 91 46 33 55 82 66 11 31 88 96 100
56 34 55 59 66 90 25 54 64 47 72 16 14 88 74 83 2 21 29 61 34 43 49 53 34 34 72 51 30 64 68 56 91 74 35 49 52 28 27 32 36 28 84 86 57 92 86 82 74 65 43 31 81 52 86 2 96 32 96 99 67 77
