62 58
19 31 50 9 2 96 80 20 22 2 73 78 78 93 65 25 89 34 63 33 48 22 79 92 40 80 50 91 12 50 96 16 23 43 38 85 23 39 24 70 81 47 84 16 47 54 99 36 25 58 78 90 84 27 86 62 47 85
39 43 3 83 20 19 70 7 78 7 95 8 12 97 14 24 5 48 39 55 26 6 33 84 32 26 36 64 58 67 76 76 75 24 22 35 39 71 24 42 9 59 18 32 3 9 3 65 45 98 81 54 11 34 9 50 0 28
52 65 51 8 50 37 51 61 46 78 40 7 5 68 16 68 3 23 66 98 82 0 25 74 91 84 6 53 64 38 17 75 41 66 92 88 12 29 47 70 97 37 10 32 35 36 72 98 36 16 72 94 88 75 21 95 54 68
14 33 61 70 43 34 3 61 16 48 87 36 51 47 58 22 91 57 43 54 37 37 2 26 5 49 16 30 17 32 51 87 62 17 81 6 61 78 63 90 10 100 73 1 81 18 64 41 31 17 94 1 13 21 36 7 46 57
38 36 37 90 62 54 46 71 46 67 98 33 51 89 66 46 56 71 46 95 84 35 69 39 36 78 72 54 68 84 14 99 15 88 75 81 97 59 15 81 21 81 97 80 88 4 13 56 93 88 5 97 70 3 69 4 17 4
93 98 68 99 29 91 14 99 8 71 77 62 32 83 83 17 32 24 17 4 35 28 98 37 96 8 89 61 36 43 1 53 40 55 44 91 63 31 47 10 3 77 57 11 46 51 16 21 79 66 7 61 18 64 44 51 65 22
56 55 7 39 19 3 69 73 69 40 2 33 26 84 40 83 26 96 48 13 18 73 93 12 56 87 89 94 40 32 88 82 65 79 39 65 24 17 27 98 32 14 50 31 38 18 54 64 91 87 96 72 62 90 70 38 18 28
63 34 69 61 40 87 47 71 65 6 80 66 36 77 7 18 77 64 33 92 4 23 10 0 58 48 68 3 92 14 7 85 68 86 44 81 89 46 24 21 29 98 7 80 32 94 17 25 15 2 45 54 88 73 84 46 66 46
99 17 31 28 85 16 70 99 54 60 52 41 33 96 95 61 67 28 68 66 29 76 7 80 54 41 52 36 9 26 6 93 21 89 34 42 15 58 62 43 72 84 70 41 68 0 97 22 0 51 22 28 67 20 28 62 18 8
25 93 28 39 23 1 69 77 86 48 23 54 64 99 79 73 73 41 65 9 3 55 94 3 57 56 75 27 98 87 76 83 13 100 51 33 55 13 70 77 12 41 23 62 89 22 44 33 89 26 23 45 42 94 58 27 74 8
96 44 62 93 56 29 37 63 15 70 35 17 75 61 67 59 45 83 45 27 46 31 100 90 48 43 2 22 73 85 56 41 79 4 82 88 73 96 70 97 10 45 86 86 11 100 6 82 5 11 50 18 98 56 65 51 43 82
12 44 2 76 65 73 42 53 40 37 71 73 22 23 89 60 61 10 74 95 40 32 97 26 38 68 12 11 22 22 98 33 17 54 90 23 18 35 95 19 85 18 39 28 23 19 18 33 58 92 62 53 54 100 57 56 47 77
76 75 13 80 59 40 66 38 41 15 45 20 72 66 2 25 91 97 43 82 33 4 77 98 70 0 56 43 30 93 86 67 37 58 74 61 26 35 68 70 79 62 0 97 30 67 84 94 72 89 73 82 24 84 78 23 94 30
67 81 2 47 4 41 53 93 26 49 36 45 25 55 1 23 86 12 14 45 41 0 53 32 38 73 44 42 49 90 20 69 85 31 6 59 1 89 78 75 73 56 90 93 27 42 0 26 83 57 42 46 37 2 94 68 57 8
42 15 70 9 59 41 3 17 73 100 3 28 36 9 98 23 50 55 4 20 52 19 13 7 53 24 45 36 29 41 33 94 46 24 59 27 94 11 55 33 28 51 99 1 88 53 71 10 57 14 61 77 9 13 87 59 21 34
21 62 63 77 74 39 56 24 5 13 28 44 47 9 21 35 21 88 20 30 12 13 85 73 89 25 83 94 47 55 85 28 99 32 21 86 1 39 81 16 16 73 82 66 52 55 19 100 14 78 7 15 72 87 49 21 90 42
6 88 45 24 49 44 37 88 90 45 9 9 51 30 28 43 12 70 95 81 72 48 74 67 23 99 16 64 1 44 83 9 10 70 9 31 72 20 1 84 70 97 39 39 29 58 85 2 21 67 25 60 36 23 41 12 10 54
83 17 77 82 35 79 72 47 2 48 14 9 77 38 58 43 29 9 66 26 4 16 11 66 49 100 62 7 35 45 96 78 41 14 12 78 44 20 17 39 13 77 74 58 40 74 24 62 1 4 68 97 89 31 76 87 93 10
37 99 85 47 10 73 74 27 81 68 10 54 4 53 20 52 87 55 95 80 68 91 63 56 19 9 42 98 73 50 50 14 49 34 13 12 53 64 95 82 36 77 88 56 24 46 53 35 97 5 15 1 56 10 17 8 79 75
87 49 71 92 33 14 35 47 60 82 59 91 92 73 90 41 6 42 46 29 5 20 47 7 51 45 76 98 18 12 88 17 34 8 77 75 58 32 35 87 59 48 88 21 55 80 76 28 98 93 9 14 3 84 92 80 67 47
10 69 71 39 32 43 55 26 23 68 19 26 3 40 6 59 71 59 47 88 53 55 92 91 24 82 72 20 99 41 89 98 30 86 49 39 64 88 57 92 52 95 74 3 54 64 60 85 91 21 40 41 62 67 76 29 85 83
82 13 25 13 23 59 37 47 69 15 81 14 30 27 3 100 96 84 81 50 75 36 96 79 49 84 75 98 30 39 2 88 1 71 69 75 79 10 15 86 9 51 81 33 86 19 8 52 6 60 49 81 9 9 31 56 25 0
19 82 78 26 12 48 96 72 73 15 5 12 96 1 64 49 38 63 59 29 31 29 51 88 75 80 2 51 25 48 94 86 32 23 39 79 88 73 17 83 39 16 56 73 62 68 8 76 1 87 96 61 11 67 71 4 72 61
10 47 43 35 8 25 82 31 14 95 31 10 84 1 6 73 1 15 44 81 69 95 73 66 72 57 31 17 38 11 66 0 86 39 66 84 18 99 41 69 2 67 59 44 94 53 91 82 97 37 39 44 97 11 90 3 81 7
7 98 90 63 54 44 16 25 12 62 41 66 74 50 46 68 14 6 62 74 83 20 52 28 76 42 44 0 36 23 75 56 82 3 43 52 20 71 59 27 2 79 74 10 100 12 52 46 48 64 12 37 52 95 23 63 72 13
85 32 9 86 5 13 8 98 55 11 48 76 52 24 16 15 57 75 33 65 100 16 49 28 62 31 79 25 14 99 4 80 5 18 99 75 78 53 81 82 83 44 70 38 88 48 30 14 89 32 38 92 58 54 61 72 71 9
28 57 41 79 43 46 7 18 26 86 88 42 37 50 88 87 68 33 76 47 38 31 24 40 97 82 97 36 95 87 97 25 66 53 16 81 37 74 67 96 98 16 18 22 28 81 26 76 56 38 52 62 25 13 65 42 30 66
39 38 95 25 22 25 29 4 80 87 87 6 26 2 100 35 9 56 96 55 49 8 65 10 43 62 53 89 15 62 21 21 56 80 54 26 43 28 25 17 48 79 24 56 15 68 43 64 51 40 96 12 75 91 45 78 1 73
88 62 29 45 67 88 44 79 38 29 55 99 53 99 9 4 71 50 14 82 61 41 78 57 79 76 71 27 3 48 87 25 48 29 29 33 31 15 56 65 91 84 22 60 17 35 90 83 26 60 92 66 57 75 12 69 2 38
34 56 82 30 69 63 82 84 99 36 98 41 5 58 81 16 81 65 97 25 32 28 30 70 4 21 78 21 5 16 4 84 52 22 21 30 9 66 81 91 83 4 1 53 37 61 76 27 82 88 25 19 26 77 39 94 90 66
14 97 34 38 32 47 70 58 28 13 27 58 98 67 74 75 69 27 47 40 83 70 4 80 15 63 37 68 15 50 61 13 10 6 18 72 7 23 0 3 81 42 77 16 79 79 21 18 53 90 90 19 73 53 88 10 82 34
41 31 92 1 6 93 84 83 48 58 66 16 52 100 25 73 23 90 66 90 67 2 55 26 7 90 9 37 92 73 78 30 0 40 81 20 57 87 51 70 86 27 2 52 17 68 49 79 90 44 77 43 0 79 6 60 51 4
52 63 42 16 28 35 39 92 18 60 93 12 43 50 90 32 82 22 36 35 6 32 72 78 65 24 81 37 4 0 86 100 7 17 50 81 69 0 40 43 51 69 11 70 68 60 95 23 83 82 1 96 52 64 44 92 5 58
22 44 21 3 65 18 78 78 49 44 63 52 47 73 86 71 99 55 73 64 74 65 96 52 54 95 61 26 59 9 88 97 63 44 1 82 70 83 56 36 54 73 94 26 51 39 8 84 22 40 55 21 55 48 56 54 45 42
77 14 17 6 40 52 25 77 95 21 85 35 96 79 73 71 9 60 6 10 15 11 0 75 16 91 61 11 77 15 1 35 54 79 98 3 2 90 29 55 18 24 59 98 96 83 29 9 14 73 57 15 65 3 7 16 38 83
98 88 82 86 21 69 16 53 11 8 5 28 56 98 62 20 59 53 28 27 68 13 64 18 21 72 85 47 62 35 78 9 62 75 1 27 100 36 22 41 15 23 96 1 0 61 78 26 99 67 56 25 49 28 18 60 27 10
98 6 90 9 93 56 91 79 4 85 46 5 51 10 91 40 57 38 34 88 28 17 37 56 64 38 46 11 76 59 79 20 53 30 58 12 17 56 44 76 20 2 62 15 68 77 39 59 97 67 62 16 78 72 8 0 40 69
0 85 31 33 84 79 98 5 32 50 22 68 64 71 45 29 0 44 42 74 91 9 7 17 96 31 92 73 27 62 14 54 60 18 81 16 81 59 64 79 6 32 71 19 86 44 37 66 98 26 45 43 10 33 47 32 59 30
2 71 44 87 85 25 66 86 43 44 1 1 19 60 79 93 3 35 84 36 65 77 99 14 99 6 50 32 41 89 9 63 65 14 36 19 70 61 51 65 69 83 12 90 17 38 32 14 30 27 77 25 88 88 39 40 5 4
54 11 71 52 16 13 6 83 12 17 57 38 5 86 18 18 59 45 51 92 94 13 29 38 13 38 36 73 74 20 34 83 43 96 25 98 43 81 39 84 60 24 43 45 47 28 9 89 89 15 97 57 41 77 49 41 71 80
16 52 54 31 26 0 36 16 86 27 2 77 41 62 45 22 29 71 2 40 73 47 42 91 88 61 83 60 45 88 73 92 76 13 84 31 33 82 62 55 73 86 63 42 88 3 5 26 46 7 36 97 44 30 0 7 54 73
55 17 95 10 94 37 47 83 42 16 16 44 29 4 37 33 10 46 62 100 61 56 12 21 6 87 87 55 31 71 72 22 2 64 24 70 42 93 98 24 71 92 0 79 0 34 22 66 73 51 6 41 23 49 49 79 45 59
91 13 26 33 75 66 79 14 63 25 6 59 81 56 5 83 94 78 34 6 56 85 70 86 89 48 23 14 6 34 59 91 67 44 45 49 3 100 77 69 81 62 12 21 16 74 38 5 66 100 64 34 29 90 62 62 24 87
72 100 1 16 35 73 22 95 48 90 78 96 67 91 55 47 45 24 85 51 100 99 82 20 9 6 78 1 86 25 99 99 65 62 71 10 81 2 59 3 62 14 59 30 99 33 61 81 98 17 7 82 5 80 86 69 30 92
32 6 47 5 60 93 88 88 19 93 49 6 87 86 0 12 72 13 25 37 28 85 63 6 50 64 23 42 83 100 35 96 36 32 2 97 40 75 89 50 85 29 30 25 32 77 6 39 24 50 75 49 24 54 60 85 39 56
90 45 92 20 22 2 61 9 32 29 62 32 12 66 37 93 62 84 25 41 99 18 10 83 78 2 32 50 7 64 41 91 57 22 13 3 47 73 87 9 26 11 84 18 85 68 29 72 56 29 56 20 51 93 61 65 63 38
95 90 95 18 5 24 99 72 72 62 7 30 52 7 82 54 47 57 1 11 15 14 26 74 0 4 2 94 22 30 7 48 44 23 45 21 9 95 7 90 85 9 27 33 86 77 42 59 9 13 28 10 0 65 20 13 85 84
54 8 93 46 77 80 72 89 92 100 95 5 98 24 4 22 10 77 43 86 0 86 72 62 83 46 31 16 19 98 56 95 86 23 39 91 74 1 42 0 19 59 89 95 8 10 4 62 21 64 10 98 33 21 2 54 7 52
38 94 98 57 75 64 91 10 37 25 20 50 36 27 34 74 77 79 10 38 98 80 87 12 16 67 38 0 5 20 20 52 36 86 69 54 68 46 61 45 78 91 23 53 73 23 21 64 8 54 55 36 8 44 70 44 52 46
59 97 81 69 59 51 16 37 94 97 26 84 36 28 71 28 14 44 69 94 63 41 23 78 2 47 36 23 0 44 79 98 80 81 92 95 9 42 47 70 82 59 70 42 82 17 73 69 69 2 95 59 27 10 15 84 40 94
86 100 29 99 79 34 84 14 72 69 92 16 60 45 84 4 39 54 55 78 19 37 74 90 35 58 1 88 6 93 36 38 56 58 88 2 16 2 53 0 22 42 60 41 98 79 12 41 70 73 26 31 40 17 23 77 74 96
83 3 70 28 97 19 57 10 91 29 14 52 27 23 99 62 83 38 81 5 23 48 36 34 37 71 82 58 55 52 81 49 34 45 54 79 64 88 50 71 15 70 63 50 5 87 78 54 0 65 31 76 31 26 34 45 10 57
55 81 15 4 48 14 80 8 11 17 75 66 36 59 2 95 8 8 71 71 84 96 18 37 34 1 24 16 41 2 89 57 87 52 95 83 62 40 1 64 4 12 49 49 100 13 55 61 39 1 58 94 40 68 16 59 19 62
74 81 69 42 89 95 57 60 55 66 63 66 87 47 60 96 26 69 88 18 33 93 1 18 49 32 23 32 80 6 56 28 29 7 27 99 97 93 62 64 100 9 10 31 93 63 61 96 9 20 20 0 32 40 80 26 3 79
19 87 77 15 11 15 51 52 46 28 38 86 85 10 92 77 12 51 16 11 94 35 96 10 50 64 58 50 12 18 73 58 16 55 24 86 27 73 18 2 40 2 32 73 81 3 18 71 31 69 76 30 5 64 29 35 44 93
5 6 7 87 39 17 42 74 7 76 21 70 25 30 6 65 8 52 49 10 100 33 16 65 25 77 7 38 24 51 50 7 92 92 100 33 31 100 57 51 0 52 53 20 10 63 43 14 68 73 86 65 89 88 46 87 66 64
87 61 60 30 75 85 56 33 89 30 64 61 48 41 45 77 66 25 53 28 49 93 99 9 33 46 68 66 2 92 79 23 29 97 4 66 64 96 4 8 61 14 87 100 42 20 70 67 99 26 90 10 71 24 39 74 1 63
12 80 79 75 16 6 84 55 4 8 80 97 64 1 92 53 4 20 1 54 40 47 87 48 4 43 61 91 77 52 82 91 45 58 11 73 47 89 6 25 11 0 42 84 62 58 95 82 73 39 54 23 86 31 8 76 47 65
11 35 52 85 73 33 94 41 93 42 52 51 69 26 49 67 69 2 44 34 12 54 94 4 36 66 79 18 12 77 78 1 64 96 20 71 88 36 68 13 89 28 57 84 21 65 29 80 17 79 44 73 16 2 90 19 7 3
35 86 60 23 40 6 48 7 99 78 49 66 98 99 68 90 56 96 59 59 59 24 62 38 43 24 3 40 4 58 83 59 83 7 47 32 48 49 72 32 94 21 95 84 26 96 54 46 61 51 57 86 33 76 49 54 53 18
25 58 20 67 80 40 33 56 53 55 0 19 6 58 34 69 78 57 14 27 22 55 73 96 30 65 68 79 19 27 10 68 28 78 35 50 75 29 87 67 74 72 88 13 6 88 82 21 74 46 7 49 16 76 98 92 97 89
54 74 86 77 76 58 3 25 46 14 37 79 9 59 46 41 5 43 44 88 83 45 56 82 92 46 96 19 61 58 92 35 6 73 17 31 1 70 65 95 37 48 74 41 51 46 18 75 31 13 37 75 75 67 57 52 84 87
