31 42
58 97 58 86 6 64 74 98 85 86 47 85 53 4 4 21 67 67 6 18 31 33 17 34 3 39 68 2 23 91 9 58 20 95 63 47 77 78 73 43 58 70
69 45 21 2 81 65 3 100 74 84 11 2 32 53 64 61 38 86 57 46 51 51 16 74 98 14 54 49 47 64 53 5 44 89 65 30 19 66 2 17 66 54
40 81 45 60 100 100 14 44 62 52 32 52 1 43 80 48 68 95 0 34 15 76 77 84 4 36 17 8 50 35 95 48 69 38 100 21 57 40 29 82 95 26
75 90 74 86 10 24 32 22 84 3 22 24 12 48 97 73 78 29 20 60 11 14 90 79 10 83 1 49 67 73 95 14 14 58 60 64 4 61 61 51 40 82
85 38 9 75 26 85 0 77 12 88 47 20 53 12 54 26 68 16 26 52 10 69 3 30 92 57 66 18 55 7 0 85 35 52 32 9 23 24 89 1 67 12
94 75 76 59 43 88 57 89 22 25 75 77 31 49 66 10 90 93 34 60 69 8 84 12 3 88 61 41 46 60 49 71 61 56 98 10 30 11 42 78 28 39
92 0 25 50 37 30 91 25 82 55 84 8 61 54 22 78 11 70 75 44 78 45 71 48 40 59 93 15 1 16 70 53 19 61 83 100 47 19 45 76 80 16
73 42 51 14 93 99 55 17 12 11 43 11 44 73 54 63 69 37 63 9 41 89 95 4 73 13 62 74 77 15 19 46 14 49 74 44 45 95 25 45 39 63
89 6 58 3 67 16 24 56 18 27 31 62 17 53 48 41 29 28 50 48 80 67 88 4 98 49 22 52 51 22 71 30 63 87 94 90 71 93 19 100 88 32
67 9 84 49 98 42 95 83 15 33 3 25 21 56 23 95 28 86 12 5 74 23 74 29 90 89 31 75 43 83 50 87 12 9 21 7 52 7 91 96 44 64
3 59 67 18 3 68 7 57 61 90 2 65 45 23 82 88 100 34 14 95 84 100 59 29 89 25 90 62 32 25 69 42 33 68 52 38 92 68 59 28 17 78
99 79 68 17 24 80 39 21 41 81 11 38 94 24 13 78 30 99 35 86 6 72 34 78 75 73 55 38 86 6 71 65 42 33 44 62 73 34 90 70 71 72
33 2 82 28 7 0 65 61 21 13 92 90 71 26 16 86 64 77 42 38 5 19 17 48 85 73 28 77 72 74 62 51 52 4 34 69 37 21 5 57 27 4
2 2 51 37 84 36 5 33 97 46 16 28 40 36 90 96 14 24 66 85 37 24 89 41 65 47 96 86 70 20 9 36 17 62 12 3 17 35 46 43 91 30
29 7 97 0 10 29 62 81 41 26 96 32 99 100 22 6 86 63 9 68 88 17 95 11 37 8 3 14 72 74 9 38 6 17 30 18 61 13 0 21 26 39
6 88 65 82 92 20 42 13 74 27 19 36 37 16 74 14 72 49 67 20 83 63 62 87 90 38 93 8 42 8 40 46 39 13 78 71 88 81 63 82 28 52
69 52 45 9 61 46 88 17 76 82 68 9 30 71 50 73 23 48 45 55 100 51 96 81 93 97 13 27 71 1 80 27 89 73 13 55 20 95 35 94 7 48
70 54 51 81 46 3 33 27 2 57 31 69 43 41 77 4 0 67 71 85 90 99 98 22 17 47 40 36 79 51 59 86 35 72 3 13 3 54 7 35 4 89
0 60 57 47 75 35 9 5 8 19 16 47 7 98 53 57 1 47 17 28 26 14 64 46 77 68 9 60 74 83 57 9 3 65 22 7 51 17 68 3 62 41
92 69 4 32 18 16 88 46 26 28 75 38 61 19 56 2 37 83 95 38 62 100 85 69 57 63 94 44 61 53 42 48 11 71 37 60 74 58 58 81 44 4
91 93 7 59 61 36 21 86 84 10 82 65 80 8 86 86 71 61 28 27 73 14 61 35 83 39 94 66 76 18 59 12 66 43 86 4 41 24 42 32 9 10
50 51 80 89 40 32 96 55 70 23 28 34 13 44 65 41 55 13 58 78 38 28 93 76 27 13 46 1 7 100 37 98 86 28 84 18 39 31 81 47 37 29
2 59 77 26 11 8 14 64 79 67 13 13 99 100 14 81 94 54 51 24 75 9 65 38 4 80 74 95 10 87 48 63 70 56 91 25 61 55 38 63 23 97
94 63 82 15 29 25 37 75 51 35 74 33 56 57 86 32 59 5 40 41 13 89 15 15 46 54 20 35 85 6 9 80 85 13 18 43 73 2 86 27 99 39
39 38 60 21 81 32 2 40 1 27 69 79 78 58 4 52 18 60 96 63 80 45 13 36 39 78 54 50 92 95 42 86 24 50 95 80 10 48 42 60 14 26
100 45 61 77 78 12 23 61 73 69 89 83 35 48 55 91 13 96 53 46 66 10 40 35 11 63 61 74 1 29 33 71 39 89 65 55 20 94 0 2 87 2
7 88 62 77 29 56 22 1 68 41 90 76 6 14 58 58 97 55 85 45 1 4 28 21 15 47 92 57 2 11 30 68 94 27 13 32 86 93 75 75 37 61
37 91 1 12 80 83 94 5 26 28 18 34 56 95 5 51 81 68 85 36 30 35 87 28 14 93 94 25 78 13 69 95 62 32 52 24 74 91 3 53 3 17
91 87 12 45 46 56 2 89 29 61 60 97 49 12 18 22 29 63 43 18 59 100 60 91 59 23 68 33 11 17 25 66 71 8 16 54 51 22 54 39 60 38
59 50 12 23 13 23 42 68 70 86 21 11 19 33 64 71 26 12 43 19 63 60 44 73 96 83 40 24 23 74 77 68 46 93 61 25 9 52 10 37 47 4
80 29 7 92 89 97 57 72 58 59 66 25 94 21 33 42 56 23 35 85 71 83 8 14 56 22 45 14 69 23 62 1 4 47 60 4 39 92 3 84 19 9
